16 36
20 21
4 25
2 2
13 21
15 15
4 10
14 4
1 2
36 38
38 21
36 4
12 12
4 0
34 11
0 7
14 14
36 10
17 17
7 7
5 4
38 34
35 17
7 0
25 2
4 19
8 36
36 37
22 21
11 34
0 0
34 38
36 17
9 15
4 4
6 36
14 14
16 16
4 3
7 36
17 3
23 14
0 0
1 4
19 19
35 21
32 21
4 4
10 10
36 6
26 4
31 1
14 5
36 36
29 21
1 36
10 15
36 13
1 35
13 13
8 15
2 10
17 17
11 11
11 8
6 1
1 7
0 0
10 11
13 13
36 0
1 1
7 0
35 37
12 13
16 16
25 9
1 1
22 21
29 15
17 17
4 14
1 1
3 13
34 14
1 1
5 34
36 9
4 8
36 4
15 38
7 6
22 22
5 3
35 14
19 17
23 23
0 0
19 20
38 8
36 15
8 8
15 8
34 11
36 38
21 22
1 1
21 21
7 34
32 17
0 0
4 10
10 21
25 21
4 34
1 14
40 37
7 7
15 15
14 4
25 11
16 14
36 15
38 13
4 1
12 13
13 10
4 1
36 21
7 7
14 14
4 4
19 38
4 4
7 36
14 14
21 20
15 4
34 35
26 21
36 14
17 17
34 1
10 10
25 21
36 24
4 4
14 29
17 17
36 5
1 1
34 38
1 1
12 36
19 26
14 14
7 7
14 14
9 9
21 21
38 4
21 32
38 38
1 7
21 25
5 38
4 4
7 36
7 7
14 14
37 37
9 9
7 7
17 17
13 34
13 13
22 16
13 25
26 7
22 4
35 19
34 35
10 11
20 19
7 0
5 4
25 21
14 14
16 16
36 15
4 11
26 19
10 10
6 1
14 36
4 4
14 14
36 15
1 1
1 13
28 22
25 4
4 5
32 21
6 26
13 13
17 21
1 7
14 14
40 11
5 4
0 0
36 23
4 7
1 9
32 14
4 34
4 4
14 14
22 21
17 17
13 22
14 14
0 7
21 21
23 1
4 4
15 15
8 8
35 14
4 8
26 4
9 2
4 25
7 14
4 5
34 9
38 9
21 21
26 22
13 4
15 10
36 14
21 25
4 4
20 22
4 4
10 13
14 14
6 1
13 13
4 4
34 17
22 21
36 36
0 0
22 22
13 35
21 21
34 35
9 36
1 4
15 4
4 36
16 16
9 9
19 19
4 4
2 1
36 4
8 15
10 4
16 16
15 15
0 0
38 8
32 36
11 13
14 14
1 1
13 10
23 38
13 10
35 4
7 0
0 0
28 19
9 36
21 21
36 21
36 14
14 14
10 10
2 10
14 14
14 14
4 4
17 28
19 34
24 13
15 9
5 4
7 1
34 15
14 14
0 0
21 21
36 13
1 36
23 36
4 15
21 22
15 9
1 1
4 10
4 14
14 14
19 19
11 11
28 19
4 15
36 20
9 29
20 2
35 36
10 13
10 13
17 17
1 1
7 7
9 9
7 7
36 7
26 19
34 14
26 4
34 34
20 21
36 2
7 39
20 34
6 4
0 0
4 4
36 23
0 35
4 4
34 37
0 0
25 14
28 28
5 3
35 14
7 1
39 1
26 4
9 36
10 10
23 9
25 25
38 38
10 36
15 15
22 21
15 15
22 21
14 14
36 23
7 1
4 4
16 20
14 14
27 36
7 7
11 11
4 13
17 17
14 14
7 34
14 14
7 7
34 11
20 21
21 21
4 5
21 36
38 1
35 9
1 1
17 17
36 14
4 36
23 4
15 34
28 21
27 35
4 14
10 8
17 17
14 14
14 14
14 14
36 7
21 6
28 22
31 6
40 35
17 17
38 21
11 10
31 31
2 36
35 10
4 4
38 6
37 7
5 25
0 0
8 15
11 13
36 22
7 7
14 14
15 26
13 10
14 14
36 3
11 5
4 4
17 17
20 20
14 14
0 7
38 34
19 36
8 38
21 13
7 7
7 7
6 34
1 1
21 32
7 36
1 1
34 37
22 20
36 27
19 19
7 7
1 25
6 36
15 1
8 10
17 17
4 0
7 4
35 4
11 10
14 14
21 25
9 15
4 4
1 1
4 0
13 10
4 34
37 10
7 36
14 14
36 16
20 38
4 25
36 14
4 8
7 7
8 8
0 7
36 16
10 10
10 1
13 22
4 36
11 26
0 0
16 34
14 14
19 36
4 4
4 0
1 36
35 36
14 36
15 15
7 4
34 36
21 15
15 15
7 7
0 0
1 0
4 4
32 0
0 4
22 21
4 4
7 7
10 10
15 29
14 14
26 5
0 4
14 14
36 11
11 11
5 5
5 5
16 35
13 13
0 0
10 10
15 29
36 4
14 14
4 34
21 21
32 32
7 7
19 19
14 14
21 21
10 34
36 16
8 27
5 5
15 1
38 15
3 1
38 38
9 15
8 29
36 14
22 21
4 40
17 17
4 4
38 19
10 11
15 21
17 17
13 36
39 1
6 4
25 0
23 1
1 4
19 4
10 10
1 23
21 21
14 14
32 32
17 5
26 0
34 37
3 3
35 38
8 4
21 36
6 6
1 5
9 31
37 10
4 4
14 14
8 39
14 14
4 4
21 21
7 7
6 29
20 10
17 17
21 22
38 17
4 4
1 1
21 26
19 19
10 36
12 37
12 25
7 7
26 15
7 14
25 20
14 14
13 6
4 15
28 35
9 2
12 35
16 13
39 26
36 17
4 14
15 15
26 11
9 9
14 14
21 21
5 4
32 21
36 21
1 1
14 14
5 5
10 36
7 7
7 0
10 10
4 4
38 38
7 7
36 4
36 7
10 38
17 17
36 0
16 25
0 0
6 4
4 4
13 10
21 21
26 8
36 35
14 14
15 26
34 36
4 0
34 14
39 38
34 36
4 4
35 27
11 11
4 4
14 26
9 9
19 19
0 4
1 39
15 15
2 35
17 36
13 34
4 4
36 4
21 34
0 0
7 7
23 1
4 36
35 17
27 37
2 4
36 19
6 15
8 8
4 4
15 36
17 17
17 17
36 8
11 10
3 4
15 28
9 9
1 1
4 25
4 0
14 14
22 13
4 22
10 31
36 14
36 11
36 14
38 22
17 17
26 11
25 7
36 15
35 17
32 21
40 17
21 32
35 10
36 9
19 19
36 19
0 14
22 21
23 23
36 38
22 21
8 36
14 22
15 35
35 34
21 0
25 35
14 14
13 10
13 38
1 9
4 0
20 21
21 0
38 2
4 7
7 7
4 5
21 20
1 15
15 10
11 4
4 4
3 4
32 8
36 4
21 21
14 14
1 13
36 8
6 4
2 2
14 14
15 10
13 20
15 34
7 4
35 22
0 0
0 0
36 36
4 26
20 6
36 1
21 22
20 10
7 0
16 16
17 17
19 19
19 36
37 19
36 15
12 10
22 30
20 10
21 22
36 14
24 34
11 11
21 4
1 1
36 4
11 11
26 26
20 4
36 4
0 0
14 14
14 8
36 7
4 5
0 1
5 11
38 36
36 4
11 4
14 14
34 16
10 12
1 1
4 4
2 2
14 14
5 5
36 21
4 35
10 10
10 23
14 1
13 13
14 14
0 34
4 0
4 0
21 28
22 4
36 27
34 36
20 22
14 14
19 19
10 10
21 21
14 14
15 26
36 14
25 7
5 5
15 38
23 19
10 20
10 13
13 6
19 20
24 35
32 21
0 14
14 31
36 19
38 14
14 14
15 1
36 36
1 17
11 11
0 0
22 21
14 14
4 4
4 4
21 32
9 38
4 10
13 36
0 0
4 4
10 36
3 3
37 37
9 36
9 34
1 35
4 4
11 11
11 4
17 17
11 1
4 4
1 1
37 14
29 28
1 1
16 16
23 38
15 8
34 4
35 23
14 38
4 4
21 1
36 36
14 14
36 4
20 21
34 27
0 0
38 4
21 22
36 36
19 19
34 4
13 13
1 1
11 13
34 35
36 2
16 36
1 1
4 36
4 4
0 7
10 26
17 17
14 22
23 23
21 36
25 8
23 25
4 4
36 10
9 26
36 20
14 36
21 21
13 13
26 8
15 15
40 17
25 7
4 4
9 9
9 22
25 19
4 8
4 4
15 8
36 1
16 16
36 29
7 4
17 21
1 39
19 19
12 13
15 15
21 22
28 34
20 10
14 14
19 21
26 0
21 21
20 28
14 14
4 0
2 36
17 16
34 34
21 21
7 7
7 1
4 36
1 9
38 34
0 23
4 4
32 21
17 34
36 14
4 3
11 11
37 37
1 19
15 36
37 14
3 3
7 7
17 17
37 37
15 34
13 13
4 0
19 19
9 9
10 10
36 24
34 1
22 26
34 1
7 7
11 10
4 23
0 3
7 1
37 37
0 0
39 1
8 20
19 19
35 11
14 14
15 15
14 14
34 24
14 36
14 14
4 4
36 14
10 14
1 7
15 15
20 38
1 14
16 16
19 34
10 10
7 7
4 34
26 7
21 34
4 4
16 16
36 4
36 4
36 4
7 39
21 35
19 4
14 4
14 14
19 20
4 4
0 1
0 0
10 10
9 22
36 4
9 35
24 37
37 7
8 31
22 21
17 37
15 15
34 0
15 15
36 15
21 21
4 4
1 1
15 15
8 2
4 4
20 20
10 10
10 10
4 4
4 4
5 4
21 22
7 41
21 21
1 1
10 10
38 1
34 20
1 1
10 10
7 7
10 10
11 36
11 11
9 20
31 10
3 9
37 37
15 13
36 27
14 14
19 21
13 13
14 14
1 7
35 35
34 5
5 5
3 36
13 11
4 36
34 15
11 11
35 9
36 17
13 36
17 34
7 7
11 20
14 14
40 36
4 4
38 38
4 1
4 25
8 36
7 7
4 14
36 29
10 36
1 7
25 11
34 14
7 1
36 34
4 5
35 16
36 15
26 11
14 14
7 7
10 10
7 7
38 38
36 4
14 14
10 10
14 17
22 4
21 36
21 21
16 25
7 21
22 21
14 14
25 19
36 40
36 14
14 14
20 19
36 35
4 4
38 8
22 34
32 36
26 11
4 4
39 14
4 5
19 19
26 16
37 4
13 26
19 25
34 37
17 17
14 14
15 15
17 32
32 28
14 14
4 4
8 8
23 35
17 32
24 34
13 13
14 15
20 38
36 40
14 19
14 14
28 22
14 14
40 4
5 4
17 17
4 14
14 39
4 4
10 10
13 10
0 4
15 1
13 13
16 16
36 22
36 1
14 14
36 4
22 17
7 0
0 22
14 14
8 4
23 36
35 26
4 1
25 5
4 4
32 9
36 3
19 28
14 14
13 25
20 21
4 36
20 22
4 0
21 32
14 15
17 17
14 14
36 4
15 8
24 38
35 35
36 36
7 7
14 14
1 1
16 16
21 19
21 22
8 8
21 6
15 15
11 11
7 7
1 1
17 17
35 15
1 1
14 4
36 0
21 20
36 0
32 40
17 17
36 19
37 27
8 4
38 1
19 13
17 17
21 4
15 9
4 10
11 36
1 37
15 36
6 17
36 0
4 4
27 14
7 7
13 10
17 17
15 7
19 35
4 4
11 11
24 34
1 4
37 37
17 17
7 7
14 14
36 2
14 14
11 11
10 22
1 26
5 5
4 4
4 4
1 31
4 21
17 17
4 5
7 7
22 21
15 15
14 14
4 36
0 0
15 5
4 4
1 1
38 38
10 10
21 32
21 21
36 7
4 4
10 10
4 4
4 4
9 8
4 13
25 34
36 10
8 36
11 10
36 1
1 1
36 15
1 13
7 7
5 4
34 14
36 4
14 14
4 0
4 15
13 13
14 14
19 21
36 36
14 14
4 8
15 4
36 22
21 21
11 11
10 13
9 13
1 16
14 14
13 36
17 17
0 7
4 34
8 4
9 9
5 11
5 16
0 7
10 15
4 4
36 38
19 19
6 14
4 4
4 36
11 11
32 21
36 7
7 7
37 36
36 5
14 16
36 4
14 14
32 21
9 1
4 4
1 1
7 7
4 4
10 10
0 0
4 10
10 4
21 21
20 36
4 4
14 4
11 13
36 8
7 4
36 36
4 5
28 36
3 37
4 4
4 4
5 2
0 0
17 17
5 5
4 34
36 34
25 14
31 13
11 11
38 4
10 10
22 21
4 4
25 38
15 15
17 17
4 4
21 21
22 35
8 36
17 17
26 11
4 4
7 7
34 15
10 10
21 20
4 0
40 37
7 6
6 6
4 36
8 8
26 17
8 8
36 21
0 7
7 7
4 4
13 25
16 16
11 11
20 20
36 19
10 10
15 17
19 6
20 4
36 6
13 36
14 36
1 5
7 10
15 8
16 16
0 4
34 32
14 14
4 4
11 11
28 22
20 10
11 11
8 8
34 34
23 35
20 20
3 10
31 34
10 25
22 17
38 36
34 15
36 7
4 4
4 4
14 14
28 22
21 32
40 34
10 13
38 38
36 0
4 1
14 14
14 14
17 17
26 4
4 36
8 21
14 14
14 14
32 9
32 37
26 0
10 13
15 1
36 15
19 26
1 1
14 14
4 36
4 4
0 4
15 15
9 9
16 16
36 36
10 13
4 7
10 10
11 11
31 15
25 13
14 14
9 32
6 15
17 17
21 22
36 8
36 1
32 28
4 19
4 13
14 4
16 17
0 0
0 26
4 20
36 23
7 0
21 20
4 4
21 15
11 26
0 7
17 17
21 14
5 4
7 7
1 1
1 1
32 21
29 4
34 34
36 17
2 10
4 7
21 32
36 10
1 1
13 4
10 11
39 1
4 4
22 22
8 8
4 4
36 14
4 5
17 17
34 5
4 4
36 36
10 13
34 35
7 7
35 34
34 19
36 4
1 4
1 1
4 6
6 4
23 36
1 1
11 11
17 17
0 0
0 0
23 9
21 22
14 14
0 11
17 25
22 21
10 11
5 1
1 38
11 8
4 5
14 14
6 0
36 34
17 17
4 34
1 1
25 19
14 14
4 38
1 13
20 21
4 4
13 11
29 29
15 14
14 14
36 28
10 10
4 4
10 4
5 10
14 14
0 36
35 35
1 14
22 21
5 14
4 13
5 4
10 11
20 25
11 11
4 4
21 28
4 4
36 4
4 36
10 5
3 36
27 36
4 0
19 21
0 0
11 11
21 21
10 4
36 9
14 9
6 13
4 4
7 7
21 21
34 24
39 1
36 28
25 21
38 25
1 26
7 7
35 0
21 21
14 14
37 37
34 1
15 36
31 19
21 0
10 10
1 1
36 36
14 36
17 36
39 1
34 40
8 8
11 5
9 9
0 0
4 34
8 8
22 22
10 10
21 32
36 5
14 32
5 14
13 10
36 36
13 0
36 15
22 21
16 16
21 25
13 36
0 0
14 36
15 24
35 15
22 8
36 20
21 28
10 10
40 36
13 11
11 11
7 7
32 7
40 4
36 37
36 23
0 0
4 13
14 14
4 4
1 34
14 4
8 36
36 1
7 7
34 22
29 10
1 1
15 15
21 22
21 20
19 19
8 8
3 3
21 17
34 36
36 15
36 10
23 38
16 16
32 34
7 35
19 20
26 19
4 4
28 19
6 13
21 21
36 4
13 12
9 9
10 14
1 1
0 0
1 1
11 10
16 16
21 32
4 4
7 7
5 5
15 26
7 0
21 21
7 7
13 13
35 5
26 0
11 13
36 17
8 8
34 1
17 17
10 10
15 15
32 21
7 36
38 36
19 19
1 36
1 5
0 7
14 14
0 4
0 4
16 4
26 25
10 20
36 39
0 4
20 22
19 32
15 15
27 36
10 10
15 26
4 4
36 7
26 3
15 15
21 21
4 10
8 35
0 1
16 19
10 10
14 36
13 13
13 11
36 15
10 13
14 14
9 9
0 0
14 36
10 10
1 35
40 37
35 36
36 4
39 35
16 16
7 1
13 13
13 10
25 25
22 21
23 23
13 14
35 23
11 11
21 21
25 4
23 36
21 22
10 14
9 1
4 4
1 0
32 21
1 31
7 7
14 36
0 4
12 10
11 11
4 4
36 19
36 4
11 10
6 15
34 15
0 0
21 29
1 1
21 22
37 10
7 4
25 28
4 4
10 10
0 25
20 19
4 4
8 22
14 14
7 7
4 4
0 36
4 5
38 19
22 4
0 0
19 36
15 36
6 1
20 21
20 9
26 15
11 11
36 14
14 14
35 14
34 19
34 31
1 13
35 24
15 36
10 10
34 6
19 19
34 34
7 7
17 17
21 21
14 14
13 13
4 4
8 5
19 19
23 1
9 9
36 37
38 10
9 9
13 13
10 10
0 0
13 13
7 7
14 36
36 9
38 8
29 36
14 14
6 35
4 0
4 5
35 14
21 21
36 7
5 5
5 13
35 17
7 7
36 40
13 13
35 34
13 10
35 16
4 4
36 37
4 13
36 14
28 25
14 34
4 15
3 2
27 5
4 4
21 28
1 1
10 10
35 29
25 4
17 26
13 13
1 7
14 14
17 17
3 34
25 25
14 14
20 20
10 3
16 16
22 21
25 13
2 2
4 4
23 36
11 11
4 4
4 4
36 7
14 14
16 14
14 36
0 0
14 15
0 0
14 14
14 14
34 37
7 7
4 13
35 14
36 16
36 34
22 21
35 35
36 3
1 7
22 28
36 20
32 32
34 28
14 14
28 35
4 1
14 14
7 7
14 7
37 32
23 26
31 29
15 8
19 19
26 34
14 14
22 20
9 34
21 36
36 8
16 16
22 10
10 11
13 34
4 4
34 14
37 2
4 4
4 4
14 14
8 8
7 25
35 21
7 7
20 34
9 38
5 4
34 15
4 4
22 14
4 4
8 4
26 4
19 17
4 4
27 13
14 14
10 36
20 10
4 34
36 32
11 11
9 20
19 21
4 4
1 10
36 13
14 14
21 5
36 4
36 17
15 36
7 0
0 0
36 0
34 4
1 36
36 0
11 36
38 4
14 14
36 1
14 14
4 4
21 22
36 10
36 4
4 3
19 13
13 34
5 13
7 7
36 5
36 21
21 22
34 19
37 19
36 20
35 14
4 25
11 11
27 37
15 37
10 4
11 11
4 4
1 36
21 25
36 13
10 26
4 36
7 25
10 4
35 23
4 4
14 14
0 7
16 21
34 8
7 31
38 6
4 4
0 0
37 37
26 36
26 0
21 21
34 15
4 4
4 14
1 1
21 20
14 14
7 7
15 36
34 28
4 4
23 34
11 11
23 15
4 0
4 14
28 21
13 13
14 14
38 1
4 4
4 34
14 14
9 9
7 7
36 4
10 25
8 8
37 10
25 14
19 19
2 3
4 1
10 10
36 7
4 4
36 14
36 14
37 40
8 8
28 22
23 23
36 20
4 5
10 10
10 10
5 11
13 36
3 35
17 40
36 36
28 20
8 34
4 7
4 3
13 11
25 19
35 35
30 14
25 0
1 21
28 22
11 11
14 14
21 21
14 14
21 14
36 21
1 1
20 20
4 4
13 2
15 15
1 25
27 37
36 17
7 7
25 16
14 14
14 14
19 28
16 16
10 4
10 36
7 7
1 1
11 36
14 36
0 20
14 14
8 21
28 24
14 14
6 36
15 15
7 7
10 22
17 32
36 19
1 2
6 14
13 13
10 5
21 22
8 8
14 4
34 13
14 14
21 35
4 14
21 22
32 17
36 36
7 7
5 3
26 10
32 32
19 25
0 4
14 14
14 14
7 7
1 1
25 11
11 11
10 10
14 14
1 10
20 21
13 13
14 14
13 3
16 34
21 21
14 14
0 0
34 36
17 17
23 15
36 6
23 14
11 11
35 17
4 34
10 36
38 1
35 36
32 14
14 19
21 21
13 13
4 4
3 26
14 14
4 4
15 4
26 19
11 11
21 21
36 37
37 38
22 21
13 11
1 1
11 13
38 36
14 14
4 5
6 6
23 23
9 38
4 4
36 28
11 4
17 17
13 34
26 4
36 15
1 1
15 4
8 0
32 17
36 11
21 25
4 26
14 14
21 22
4 4
26 39
4 4
25 5
36 13
7 7
36 21
26 17
1 12
2 36
6 24
26 11
14 4
13 11
14 14
34 36
37 37
4 23
36 15
36 36
1 7
20 22
38 11
40 14
36 7
0 26
7 7
25 21
4 14
14 14
8 8
4 5
7 7
10 11
23 14
34 34
1 0
36 0
0 7
6 36
21 21
4 1
4 10
10 11
40 40
16 16
0 0
16 16
34 9
19 21
4 1
23 38
4 4
6 22
25 0
14 14
15 15
4 10
21 21
13 12
37 10
36 4
19 36
36 10
14 14
15 7
14 14
15 10
4 4
5 5
20 21
40 0
7 7
26 5
4 4
0 35
38 1
4 4
10 22
15 15
14 14
11 11
11 11
1 1
1 15
0 0
17 34
7 4
4 2
7 7
21 28
21 21
10 10
2 17
25 14
36 15
5 5
0 0
36 17
13 13
35 4
13 4
5 5
14 14
13 4
7 1
15 38
7 7
21 21
38 35
8 8
10 11
14 14
35 21
14 14
4 34
24 36
36 10
4 25
22 15
1 1
36 36
29 15
7 0
16 16
21 21
2 0
21 25
0 0
15 15
14 36
14 14
6 6
19 15
1 1
22 22
36 25
21 21
9 9
15 4
4 9
36 19
3 34
14 4
9 14
4 4
0 36
7 13
36 34
21 17
10 10
14 14
14 14
10 13
11 5
0 4
15 36
19 19
17 17
21 22
38 38
4 4
0 4
21 21
7 7
4 36
34 20
10 10
22 22
23 36
10 10
21 21
4 5
36 17
7 7
5 4
23 17
22 22
5 5
34 25
1 14
1 1
14 39
9 1
14 36
9 39
7 7
4 4
11 31
4 0
4 11
4 34
36 19
11 11
14 14
4 5
4 5
0 4
1 1
20 16
15 14
36 27
10 11
13 34
9 22
19 21
15 36
32 21
5 35
32 34
8 8
27 34
14 14
13 13
21 21
7 6
20 13
35 11
21 13
22 20
4 36
15 7
11 11
0 5
11 11
34 34
36 7
34 5
16 36
8 4
1 1
17 17
4 4
26 0
27 36
23 4
34 21
19 28
4 4
25 13
36 36
5 4
32 32
4 4
7 0
10 11
0 0
9 1
36 8
21 22
1 31
19 36
15 15
21 21
6 34
35 20
14 14
20 22
36 11
14 14
1 38
14 9
36 4
26 19
1 1
16 16
19 19
15 9
10 4
36 13
10 13
17 26
14 23
4 36
10 11
34 4
13 13
35 16
34 13
14 14
14 14
7 7
4 10
9 9
14 14
9 14
19 16
1 25
3 3
17 28
36 32
14 22
7 36
15 15
14 14
16 35
19 19
36 36
17 17
22 19
23 36
9 6
8 36
17 17
1 23
21 21
6 38
4 0
14 14
37 13
21 21
28 28
21 21
4 4
40 37
14 14
38 8
26 26
15 15
0 4
34 31
19 19
4 4
10 10
11 25
32 14
14 14
22 21
23 29
0 0
34 34
38 35
14 34
