7 4
15 1
36 27
36 9
14 14
25 21
8 15
26 1
0 0
32 21
8 9
28 1
10 36
25 5
1 1
0 1
14 14
36 31
10 8
4 36
10 11
4 5
17 11
4 36
8 24
10 10
10 10
7 7
13 25
37 14
19 37
1 10
16 16
14 14
10 10
26 11
23 23
36 23
1 8
15 4
32 32
7 25
14 19
8 22
14 36
20 36
16 36
9 38
40 40
9 9
35 15
10 10
4 4
23 10
31 1
15 35
0 0
36 13
15 15
20 36
7 7
36 3
7 7
14 17
4 25
20 21
10 10
4 4
19 19
4 4
14 14
36 1
15 15
4 3
7 7
36 15
4 34
4 0
26 26
11 11
34 6
14 21
8 8
21 32
19 22
8 8
13 13
14 14
23 1
1 25
28 20
20 13
7 7
35 15
13 1
15 14
3 3
34 1
8 26
14 4
5 36
34 14
7 7
25 16
26 5
36 10
25 4
7 11
20 17
0 5
4 4
14 14
37 15
9 4
14 4
36 0
14 26
19 8
4 4
5 36
40 40
25 4
4 4
14 4
14 14
13 13
8 15
8 8
36 19
36 10
19 26
22 22
1 38
17 17
20 13
17 17
36 7
0 0
7 7
19 26
4 0
4 17
17 16
7 1
21 21
10 22
22 14
36 19
13 13
21 21
26 21
31 34
15 17
13 4
19 36
13 11
16 16
23 34
11 4
19 25
11 13
7 4
4 4
19 1
4 4
6 3
34 14
7 4
36 31
8 8
3 5
21 22
35 15
1 4
36 36
26 11
9 9
22 20
25 26
0 0
4 25
36 19
13 34
0 7
5 4
4 6
2 9
32 9
4 19
7 7
22 28
3 4
36 37
25 19
14 14
8 36
32 21
20 13
9 15
15 15
0 0
36 4
10 13
10 10
21 21
15 26
15 15
28 25
35 36
9 2
25 28
4 16
37 37
26 8
13 25
1 1
14 14
15 35
17 19
4 4
19 19
4 36
16 36
36 15
21 26
35 28
14 14
20 20
13 34
13 13
21 21
20 22
10 35
0 34
26 17
14 36
26 26
10 11
1 1
21 22
6 36
34 35
13 4
1 7
4 36
10 13
17 17
25 21
36 19
4 0
1 1
23 14
15 26
35 0
4 14
7 7
34 15
1 1
11 15
20 8
37 34
17 17
14 14
4 36
35 17
20 17
14 14
22 4
11 15
14 35
36 12
8 14
17 4
7 7
14 14
20 20
25 9
36 6
36 19
13 20
2 3
6 1
36 0
4 4
6 3
26 0
10 13
13 13
0 0
0 4
7 7
7 7
15 17
19 19
17 17
26 10
34 37
13 13
23 35
36 11
4 14
36 8
4 0
1 38
10 34
27 36
36 16
14 14
7 36
14 34
25 4
17 17
13 40
38 32
1 7
4 14
19 36
10 9
5 4
14 14
14 21
21 21
0 7
16 21
2 8
37 21
14 14
4 4
7 7
4 4
1 34
34 7
36 15
14 14
10 13
4 4
7 7
36 4
35 11
0 0
36 8
14 14
14 14
36 7
21 21
36 21
3 3
14 14
10 10
14 14
15 8
10 11
10 10
14 14
15 13
7 7
7 4
20 9
37 7
36 7
40 36
36 40
1 1
25 5
4 1
20 20
0 0
20 10
10 36
1 7
7 7
4 4
10 5
4 10
36 3
19 26
14 36
14 14
14 14
38 9
13 34
9 28
19 4
4 1
36 27
4 8
25 21
4 11
36 1
14 14
10 10
21 25
37 36
15 34
4 10
14 19
14 14
26 2
10 10
28 21
36 37
0 0
7 7
21 28
25 4
35 14
10 20
21 21
32 21
13 13
14 14
35 35
6 0
21 19
15 14
36 20
11 10
14 30
1 7
10 10
8 8
16 16
25 34
35 34
21 36
0 1
4 4
4 4
22 22
35 11
15 26
21 1
9 38
20 13
14 14
9 38
13 15
15 23
4 4
11 26
13 13
25 21
0 0
4 15
15 15
12 26
26 0
5 5
25 19
1 4
4 4
38 34
9 36
37 36
21 15
14 36
21 26
19 19
0 0
34 38
36 1
10 36
8 36
36 35
7 7
4 4
36 0
0 3
4 4
13 13
13 13
4 4
7 7
19 17
20 28
9 2
14 7
35 15
0 4
4 4
19 36
14 14
25 4
4 14
36 23
5 2
17 17
36 0
4 4
11 11
10 10
37 37
11 10
1 36
11 11
7 7
10 13
36 37
8 8
21 21
14 14
5 16
36 4
1 1
11 13
36 4
21 9
1 36
25 5
17 23
10 10
20 22
15 15
16 16
26 23
22 20
22 2
1 15
35 34
7 1
1 0
4 4
21 21
13 13
22 28
11 11
14 14
4 4
4 4
7 7
36 14
32 20
17 19
36 8
4 36
15 15
36 0
21 21
36 31
14 7
14 14
32 21
22 21
39 4
2 3
36 38
16 16
36 32
4 2
4 8
16 38
21 20
36 36
8 36
7 7
1 7
10 36
3 15
16 17
10 1
4 5
5 5
7 6
25 20
36 25
20 8
7 7
14 14
19 17
36 0
8 4
10 4
19 21
5 4
13 13
5 15
9 36
4 1
22 4
10 10
1 14
4 10
14 14
6 35
20 21
8 34
4 9
0 5
36 15
9 1
1 1
14 14
10 37
9 10
36 7
0 0
4 36
10 10
38 4
10 36
26 4
6 6
8 36
35 15
15 9
3 36
14 34
4 4
36 36
8 7
36 35
14 7
19 22
21 21
16 16
21 21
40 15
15 15
36 32
19 19
14 20
28 21
11 5
20 22
14 14
20 5
36 4
1 1
21 25
19 19
25 25
17 17
5 4
17 17
13 13
28 19
36 4
7 7
36 23
15 8
14 14
4 4
10 34
14 14
15 8
10 10
4 4
15 15
28 28
7 7
9 36
4 4
9 9
10 10
36 21
1 1
37 36
27 38
4 36
5 4
15 34
5 13
16 16
21 26
2 36
14 14
23 1
5 4
38 8
13 4
21 16
1 34
36 28
15 14
0 0
40 37
8 15
5 17
4 5
13 28
36 7
19 19
36 3
4 14
3 3
7 7
36 5
36 1
4 5
14 14
15 4
10 10
1 1
21 21
36 9
15 37
7 4
0 0
32 36
4 4
19 36
4 5
22 21
10 11
34 25
4 4
2 16
4 25
36 9
9 34
23 4
19 19
7 4
7 7
9 9
17 14
15 37
17 20
34 34
7 7
36 14
7 7
1 1
21 21
20 10
35 21
1 1
4 25
27 37
4 14
36 37
19 19
40 7
0 0
34 10
32 36
1 41
19 19
38 22
26 0
13 35
7 7
16 19
16 16
4 4
7 7
0 4
34 35
4 5
14 2
0 36
7 7
16 16
1 1
36 13
37 17
36 28
14 14
6 2
19 19
10 0
36 37
26 11
9 9
14 14
15 8
20 11
19 26
35 13
22 13
14 14
25 22
14 14
4 4
22 36
14 14
34 14
4 5
1 1
1 36
1 10
1 1
10 22
7 4
3 36
28 28
32 23
1 13
37 21
15 15
4 4
13 2
10 13
15 15
11 15
36 1
27 36
17 40
34 13
34 36
11 34
36 11
6 6
36 37
4 36
4 4
17 17
0 0
13 11
4 0
23 34
22 10
14 14
15 34
26 9
4 4
10 10
6 4
21 21
4 5
10 11
36 28
36 35
36 36
13 2
8 25
21 9
4 4
1 16
36 27
34 19
26 1
38 35
19 19
4 4
14 14
7 7
15 36
21 21
14 14
9 1
37 7
36 0
13 13
22 21
5 4
15 25
25 1
14 14
4 13
17 17
14 4
4 4
36 27
15 15
4 4
40 40
26 17
16 16
21 21
4 13
15 4
4 3
13 11
34 6
24 36
26 20
38 28
35 34
1 15
4 28
28 13
32 25
35 15
4 4
25 13
36 35
36 7
15 9
4 4
11 11
28 21
11 10
19 19
14 14
3 1
38 36
13 13
11 13
14 14
1 21
21 21
14 14
14 14
15 15
25 22
11 11
12 35
21 22
7 1
14 14
16 16
36 21
4 19
16 26
1 13
22 36
21 22
22 21
23 1
15 15
15 29
15 15
28 21
0 0
8 26
7 4
1 1
37 15
1 26
10 10
13 9
10 13
10 5
19 26
5 9
9 11
22 22
36 19
14 14
6 9
7 0
4 4
14 14
35 7
31 13
14 14
34 19
19 29
14 14
40 37
20 4
14 14
7 0
17 17
1 7
10 10
39 36
16 16
4 4
34 8
26 4
25 21
34 15
14 14
36 14
15 22
16 28
11 13
8 8
4 4
10 10
11 11
20 22
21 20
14 14
0 0
4 31
36 36
0 0
10 10
4 4
13 10
36 25
0 0
6 24
19 19
2 1
23 40
14 14
15 34
10 22
36 15
8 8
20 17
7 36
14 14
21 22
15 7
19 19
4 4
22 28
14 37
21 21
4 4
21 21
11 11
11 10
19 19
16 16
21 1
15 6
1 36
8 6
14 14
13 10
10 10
34 17
4 5
7 7
21 21
16 16
37 39
37 23
7 7
5 36
11 11
4 4
0 36
21 20
4 4
10 10
1 1
21 32
1 1
14 4
7 7
21 21
4 37
36 38
4 14
40 5
36 34
21 20
7 7
26 32
36 6
10 28
1 1
14 7
0 0
8 5
26 36
15 36
4 4
5 7
34 26
1 38
36 21
36 7
26 15
35 35
7 4
17 17
1 1
36 21
21 22
11 13
15 15
4 5
14 14
19 8
36 17
40 11
1 36
26 10
4 0
13 10
14 14
14 14
22 21
34 16
7 7
36 7
11 13
7 5
35 14
26 2
9 13
7 7
14 14
4 36
21 28
17 17
4 34
8 15
22 35
15 4
36 34
35 0
19 20
11 11
14 14
14 14
21 20
28 16
36 15
4 4
30 22
4 4
20 1
10 11
22 22
6 17
4 4
7 7
9 9
17 36
21 22
22 10
29 15
7 7
1 1
14 14
13 1
8 9
0 1
36 16
4 4
21 21
4 4
7 7
13 4
5 5
11 36
1 5
26 11
21 25
15 15
25 17
35 35
19 19
38 1
3 4
4 4
10 36
15 15
0 9
15 36
25 8
3 36
7 7
36 15
4 14
9 0
4 0
1 0
39 1
21 34
15 34
36 19
14 14
20 21
21 22
20 20
13 36
1 1
5 14
36 13
7 1
0 0
27 26
14 14
22 4
21 36
37 24
9 21
34 15
34 34
9 36
25 1
14 14
14 34
13 13
36 9
36 32
14 14
22 21
5 5
5 34
4 25
20 35
7 7
19 28
36 36
9 10
26 21
10 4
4 4
7 7
17 17
7 7
13 20
34 21
19 20
16 22
14 14
9 22
1 21
5 7
4 4
17 9
27 27
36 39
11 5
10 13
10 8
15 15
1 4
8 9
5 4
21 21
14 14
21 21
19 22
15 1
2 4
1 4
13 34
35 35
13 10
0 0
12 22
38 38
22 21
23 34
36 8
7 7
15 8
32 32
10 10
1 37
23 23
28 37
15 6
1 34
5 11
8 15
20 13
11 4
4 4
0 0
4 7
2 10
36 13
13 11
21 20
36 26
26 14
11 10
10 37
13 13
4 9
36 38
21 36
10 10
14 34
5 4
10 20
10 10
36 1
4 4
14 14
36 8
19 19
22 28
17 17
8 23
16 36
15 14
14 14
1 36
34 13
13 25
14 14
10 22
25 21
21 22
7 7
15 38
0 0
4 2
7 6
15 15
36 1
3 10
22 21
1 36
1 1
15 9
36 17
13 13
8 10
14 14
0 0
2 4
10 10
13 13
4 4
14 14
10 13
38 0
4 4
17 35
14 14
2 1
36 9
37 36
4 0
34 16
8 36
1 1
4 4
8 8
22 4
11 10
13 4
17 17
19 21
19 32
21 21
11 11
10 11
28 36
21 32
28 10
14 14
14 4
36 6
36 15
31 13
36 19
1 1
4 4
22 22
7 36
36 14
13 13
38 15
36 13
35 4
32 14
13 10
22 9
0 34
21 21
13 13
31 7
17 17
11 13
13 13
0 19
16 4
37 36
14 14
13 13
20 37
29 9
4 10
22 22
19 19
32 22
37 36
11 15
15 15
3 5
21 36
14 26
4 3
15 36
21 21
1 1
4 4
25 13
36 14
10 15
17 17
37 9
21 32
15 4
38 15
19 20
20 19
14 14
36 9
4 4
14 4
32 21
26 19
4 4
21 21
21 22
37 10
8 8
32 15
7 4
17 32
17 17
17 36
35 35
21 22
2 2
16 16
4 36
36 15
11 11
23 19
11 29
4 7
11 11
35 19
36 15
36 21
13 10
15 4
2 3
14 14
7 7
36 36
7 0
36 34
35 37
1 36
7 1
9 9
8 8
36 14
9 4
32 22
36 19
14 9
7 7
36 17
21 21
36 4
3 7
10 36
21 21
1 1
15 34
6 4
4 13
14 14
15 14
4 23
4 4
11 17
10 1
4 4
10 10
14 16
1 9
14 14
10 2
15 15
4 4
14 14
36 17
36 1
34 8
1 1
36 4
10 10
22 21
32 21
26 15
35 7
26 32
28 34
5 21
3 36
1 31
7 7
36 21
7 7
1 1
15 36
26 0
36 4
14 14
4 14
15 14
10 10
1 36
15 15
36 4
27 8
7 7
6 34
14 14
36 6
4 4
26 15
15 9
34 20
21 20
4 5
7 4
9 9
13 36
35 36
22 25
36 36
17 17
8 8
8 15
36 14
5 4
15 15
4 4
14 14
13 35
36 3
14 11
36 23
7 7
7 7
10 36
4 4
32 5
4 4
19 36
15 15
36 37
15 32
10 11
8 2
1 1
5 21
8 8
6 8
6 34
21 21
15 15
36 21
10 4
1 1
20 13
24 36
15 9
15 34
14 14
22 22
14 14
4 4
10 11
1 36
21 21
13 5
10 36
21 6
10 4
0 0
10 10
38 16
21 19
13 11
35 16
4 36
36 11
17 34
14 14
35 21
36 4
7 7
36 13
7 3
22 22
23 1
36 6
15 18
36 28
14 4
4 4
10 10
0 0
10 10
21 22
17 21
14 14
16 16
10 10
17 17
4 26
36 36
2 5
21 37
17 20
8 4
4 34
17 35
10 10
19 19
36 22
21 21
4 4
14 14
0 0
7 5
4 4
14 14
7 7
14 14
1 1
35 7
15 15
36 3
25 22
4 11
1 15
9 14
4 4
3 4
34 12
1 1
15 35
21 21
15 15
11 4
0 4
26 11
22 21
1 1
4 4
7 7
36 14
14 14
1 35
36 10
32 19
4 1
11 11
9 9
4 0
20 10
36 1
25 11
11 13
5 5
4 7
8 34
28 28
5 7
4 34
14 14
38 19
4 7
20 10
5 17
36 6
10 10
3 36
5 1
36 21
36 0
7 0
1 39
21 22
36 14
15 36
16 16
38 36
4 4
3 4
4 5
16 38
15 15
21 38
22 21
38 2
4 38
9 9
29 38
13 15
7 36
7 7
11 10
38 23
4 4
14 14
8 4
36 4
36 37
37 37
4 14
4 4
10 10
13 13
35 34
31 8
34 3
7 37
4 4
7 36
14 14
14 14
13 25
38 19
7 5
0 7
36 7
14 14
1 1
16 34
23 25
22 20
13 36
13 23
14 14
7 7
7 11
27 37
0 0
36 15
34 34
11 11
13 25
17 17
36 8
5 4
22 36
13 36
21 25
1 15
4 4
17 17
38 14
36 14
0 0
4 14
14 14
38 36
14 14
22 20
22 22
36 6
15 1
34 28
4 1
9 9
38 17
14 14
4 4
34 10
21 21
38 15
7 4
19 19
36 37
22 21
20 26
4 21
4 4
25 4
15 36
14 14
4 4
20 20
36 4
6 6
4 13
0 0
13 13
1 1
36 17
16 16
3 3
6 19
4 4
5 4
4 1
36 15
35 35
10 36
22 22
26 6
1 1
15 36
26 17
38 36
22 22
32 32
25 12
31 8
8 8
1 10
6 35
20 22
4 5
11 11
1 28
36 36
23 13
13 14
16 35
4 4
38 38
14 14
25 4
22 28
16 16
27 34
7 7
7 1
13 13
25 25
0 0
35 4
4 4
28 20
15 38
0 4
13 10
7 7
37 14
34 37
4 4
1 1
40 34
19 19
4 4
15 29
17 35
37 34
36 35
25 25
24 1
3 36
16 14
0 7
20 19
10 12
5 3
0 0
19 19
40 2
14 14
7 7
32 13
16 16
1 1
12 36
7 7
20 15
5 19
14 14
13 10
23 10
10 10
21 21
14 14
14 14
40 11
29 19
11 34
14 14
10 5
4 4
4 8
8 36
13 11
4 37
37 4
17 36
36 12
36 21
5 5
36 36
4 4
34 15
17 17
26 15
7 7
14 14
28 22
10 10
21 21
15 13
15 26
34 17
22 4
19 22
1 28
27 6
4 4
34 6
21 21
36 8
36 15
15 36
34 15
13 36
34 6
22 22
38 2
7 7
5 4
7 29
37 36
1 1
4 6
35 26
36 5
13 13
36 11
21 28
9 37
10 10
11 11
10 13
11 11
26 15
21 16
14 14
22 22
4 13
4 1
21 21
32 4
5 5
7 7
4 4
36 22
21 17
27 36
8 8
5 5
0 0
13 4
17 9
5 4
19 19
31 4
36 4
4 4
36 36
38 21
36 32
36 7
8 8
34 4
4 0
1 36
7 7
22 21
20 21
2 2
7 7
4 4
5 11
4 9
17 17
37 37
21 21
25 34
36 4
36 35
10 20
21 36
15 15
5 4
15 1
35 19
9 15
34 14
34 8
12 10
14 36
8 15
20 13
8 35
7 0
19 36
6 6
19 20
4 34
11 11
11 39
36 1
14 14
19 19
16 16
9 29
32 17
4 5
14 14
38 1
0 7
4 4
10 11
22 28
4 1
17 17
36 11
8 36
4 4
4 36
10 10
26 0
1 1
36 9
0 36
7 7
6 36
15 34
4 0
26 36
22 22
4 4
36 7
5 4
9 4
1 35
1 34
26 3
10 10
34 21
15 23
14 14
34 8
5 5
13 20
36 6
10 34
14 23
34 36
0 38
34 10
40 1
14 14
36 28
20 21
15 15
10 10
17 17
10 10
35 34
4 4
22 21
11 13
2 14
25 16
23 23
13 13
14 14
5 5
31 14
4 1
14 14
3 3
14 14
21 21
36 4
13 11
37 23
14 15
23 1
14 14
37 34
0 14
17 17
11 35
14 12
1 36
25 21
37 1
25 21
23 35
26 13
14 14
10 22
0 0
8 8
15 23
35 5
1 34
9 2
35 4
15 34
15 15
15 15
21 34
19 10
15 36
5 11
10 11
20 28
11 34
19 14
4 4
10 20
1 28
34 23
6 36
1 14
15 9
19 36
4 4
14 14
10 10
4 4
19 19
36 22
22 28
21 40
14 14
15 15
11 11
21 21
7 36
21 32
9 36
4 25
23 9
7 7
26 4
15 15
21 22
21 21
19 38
4 7
21 21
31 1
14 14
36 4
14 13
14 14
7 7
1 4
17 17
23 35
4 14
25 1
11 35
34 15
11 11
36 27
21 32
4 4
4 5
22 4
8 36
32 36
38 13
16 16
15 15
34 16
12 36
15 15
19 19
19 19
11 11
4 4
5 13
21 21
9 34
36 1
26 4
34 36
34 25
36 9
7 1
10 10
4 4
36 19
4 4
11 11
10 10
10 13
21 32
1 1
14 14
4 4
4 4
9 15
10 10
36 36
26 4
19 21
10 22
36 8
23 34
21 22
10 10
24 36
4 4
15 36
15 15
19 4
1 1
15 9
1 9
36 10
36 1
11 13
14 14
37 26
13 11
19 36
38 29
23 23
36 14
37 10
7 7
14 34
36 17
11 13
4 4
31 34
13 20
2 38
20 34
20 26
19 19
10 10
9 9
15 36
10 10
15 15
10 10
4 11
13 11
4 4
32 36
4 4
16 16
20 0
4 10
15 15
10 10
7 7
14 14
38 15
5 0
22 22
0 0
21 21
1 4
11 10
22 20
16 34
14 14
1 4
7 0
4 13
0 7
4 4
26 15
23 38
34 21
5 0
36 31
19 36
25 4
16 38
14 14
17 17
16 16
21 21
7 7
19 19
19 35
36 11
11 15
4 4
16 36
9 20
35 23
14 14
25 4
36 34
36 1
21 22
35 40
31 11
15 15
15 34
17 17
8 8
11 11
15 15
28 21
24 37
1 1
10 10
21 21
4 4
14 17
11 36
12 11
35 34
4 4
22 37
23 1
14 14
4 5
38 6
4 4
9 7
10 10
34 37
36 1
7 26
22 22
21 21
22 22
13 15
25 4
36 16
14 14
3 34
14 14
8 15
35 19
22 22
11 4
14 14
14 14
14 14
36 15
21 21
14 25
15 13
36 36
22 8
14 14
9 22
0 0
36 12
9 35
35 19
26 21
15 15
7 36
6 34
7 7
16 16
8 8
0 0
14 36
25 36
6 7
38 15
5 5
15 29
37 13
10 13
7 7
1 22
10 10
4 5
8 10
19 19
10 10
7 7
1 31
8 34
3 3
8 1
36 14
11 13
10 11
36 4
22 13
12 37
4 1
9 9
26 21
4 8
11 4
36 31
17 17
11 11
16 16
14 14
16 36
14 14
15 15
34 5
21 0
4 4
10 10
22 22
4 4
0 5
14 1
34 3
34 37
4 15
28 13
11 26
4 4
34 31
20 20
2 4
2 4
36 10
10 27
5 5
7 1
11 11
29 15
19 21
34 24
35 14
19 19
16 26
14 36
0 0
1 1
25 14
4 34
14 14
20 36
34 17
37 1
10 10
19 19
36 14
22 22
4 4
5 13
1 34
4 11
37 37
28 17
14 14
28 36
4 5
15 38
16 21
14 9
40 5
38 36
9 15
9 4
14 14
0 0
36 36
20 21
15 35
10 10
16 35
4 4
5 25
40 32
32 14
0 0
19 28
22 21
27 27
8 36
17 26
32 21
35 0
26 8
10 10
11 11
7 35
5 1
16 16
4 1
34 36
26 11
15 15
13 20
13 11
23 29
8 15
36 7
4 4
14 14
16 16
34 16
32 29
19 31
7 0
22 4
26 0
23 23
21 21
15 4
26 5
4 1
1 21
36 11
17 36
14 14
36 15
10 4
21 21
11 20
19 22
16 16
21 15
36 24
15 4
20 20
32 34
22 34
14 14
14 14
11 11
4 21
4 0
14 14
19 19
15 36
36 12
21 21
14 25
3 3
21 30
36 36
4 4
13 29
11 13
38 38
11 11
36 34
0 0
4 0
15 8
4 4
36 14
36 0
26 0
36 5
19 19
15 8
7 7
20 10
17 17
15 16
26 14
0 0
1 1
1 34
6 4
5 13
14 14
36 14
10 4
35 23
6 16
36 15
14 10
36 21
4 4
15 15
0 9
10 2
21 22
4 4
14 35
5 0
