1 15
36 4
26 0
20 15
1 38
1 29
9 14
4 1
14 14
37 7
5 37
1 1
2 2
1 1
17 8
35 15
17 17
1 7
21 19
14 14
36 23
19 19
17 16
11 37
14 14
8 8
10 22
10 10
26 14
10 4
4 10
6 7
14 14
13 4
16 37
35 34
36 14
4 4
17 17
38 13
7 7
15 22
37 7
20 8
19 14
7 7
25 0
4 7
10 10
7 37
13 4
28 9
11 11
35 21
21 21
38 13
15 15
14 14
4 34
36 14
36 15
21 21
14 39
1 39
14 14
4 29
19 21
9 9
14 14
19 20
8 2
34 2
7 14
4 5
26 13
8 8
14 36
1 15
1 1
15 14
38 23
0 36
4 4
21 21
10 10
31 1
4 4
4 4
19 4
14 14
16 16
7 37
36 11
23 34
14 14
32 21
4 14
20 36
0 36
36 7
21 34
1 1
5 5
36 36
22 22
0 6
34 3
35 4
4 4
20 20
25 21
15 15
6 35
5 5
38 38
4 4
7 36
11 11
6 7
7 15
14 14
7 1
14 14
16 37
36 1
22 22
36 15
5 36
14 14
28 20
36 9
8 15
11 14
34 23
21 36
10 10
14 14
26 12
8 8
15 15
10 36
21 21
1 1
25 21
23 38
3 5
14 14
4 15
4 4
1 4
14 14
26 8
35 35
38 36
4 4
9 19
6 24
8 22
35 21
4 36
7 21
37 35
21 20
36 17
5 36
20 20
14 14
0 0
31 1
4 40
15 15
8 36
35 34
23 8
11 11
2 5
21 21
22 10
24 24
14 14
4 14
14 14
21 25
14 8
35 23
8 34
1 36
14 19
14 14
38 14
13 13
23 36
10 34
36 14
4 32
32 19
34 13
14 25
32 32
20 8
26 26
1 1
21 21
22 21
7 7
20 13
14 14
25 7
1 1
4 28
7 6
19 34
15 37
20 19
14 14
14 14
9 1
39 24
11 35
9 9
4 7
4 10
9 27
14 14
16 36
17 28
22 26
0 7
22 36
1 35
17 4
36 7
36 16
25 25
8 8
4 4
3 4
15 17
21 4
40 23
32 21
4 4
4 4
14 14
4 4
1 1
17 17
21 21
4 0
21 21
23 1
25 10
22 22
4 1
10 10
9 9
4 4
16 36
7 7
7 7
4 12
10 10
15 15
36 35
39 23
34 23
14 3
16 25
13 13
9 20
7 7
20 4
26 36
36 7
15 4
7 7
4 1
21 21
36 27
15 15
14 14
36 0
4 4
19 36
4 15
8 34
36 5
7 1
3 3
38 9
10 10
5 36
26 4
4 4
1 1
14 14
14 14
23 22
1 31
25 22
7 7
14 14
21 21
22 22
34 38
16 36
1 7
19 30
14 14
4 0
7 7
8 15
9 9
40 36
38 15
4 0
23 13
34 21
14 14
14 7
10 10
14 14
36 7
19 37
20 19
4 5
36 4
36 36
19 19
7 36
10 10
4 33
14 14
7 7
25 21
22 28
4 4
4 0
23 34
1 1
0 36
21 22
13 11
14 14
7 4
0 7
13 34
15 15
2 8
4 4
14 14
13 11
36 21
10 10
5 4
4 3
22 4
9 34
22 14
14 14
1 1
8 15
34 9
0 34
13 13
36 36
9 22
22 32
38 25
2 3
22 25
17 17
6 26
4 4
5 4
0 0
7 17
9 16
34 14
7 7
21 21
34 9
32 15
0 0
14 14
1 1
7 32
40 37
13 13
36 28
19 19
32 28
36 36
36 14
34 4
36 23
17 17
5 4
4 37
1 1
30 38
4 4
13 34
4 5
34 6
7 7
23 36
23 36
4 4
10 11
36 0
16 38
17 14
11 10
13 13
17 17
3 2
4 4
10 37
26 1
19 21
36 7
5 3
1 34
25 1
22 25
28 22
41 41
8 8
15 15
26 9
4 4
22 28
4 0
19 19
20 20
10 4
35 38
35 4
38 36
20 6
37 37
15 8
17 17
11 11
17 17
5 4
11 14
1 7
25 21
1 1
1 1
13 5
32 4
34 38
37 36
10 4
19 14
15 15
16 16
15 4
1 1
36 36
35 17
4 4
15 15
28 34
4 16
10 36
13 13
20 11
4 25
1 25
35 20
14 14
34 23
10 10
11 13
14 14
10 10
1 38
10 10
16 16
1 1
35 1
32 4
36 36
21 17
4 36
34 23
13 11
15 8
13 11
13 4
38 38
4 4
29 1
13 13
14 14
22 21
4 4
15 34
14 14
25 5
22 20
35 38
4 38
39 1
17 17
17 17
17 17
16 16
17 17
38 26
13 13
21 22
28 9
15 29
14 14
10 25
7 7
0 26
38 36
7 7
0 7
9 11
16 34
14 14
4 4
9 38
37 4
11 35
26 7
26 14
36 10
8 4
4 4
17 17
26 5
5 4
9 4
38 21
21 21
17 11
21 29
36 10
4 4
15 15
16 17
25 13
0 0
1 1
4 0
14 14
38 36
19 21
35 35
10 10
4 1
37 36
4 4
14 14
2 2
4 15
1 1
15 36
4 10
8 8
3 13
38 8
4 4
38 25
11 17
19 19
16 16
10 4
5 4
4 4
4 15
36 21
21 21
37 37
25 4
4 2
12 10
1 41
5 0
0 7
0 0
25 21
23 35
10 10
38 36
4 14
38 38
10 10
32 4
29 36
13 36
10 10
20 21
14 14
17 26
31 36
14 25
38 8
17 17
10 0
4 33
4 4
36 10
17 17
38 6
34 9
36 15
1 36
25 38
14 36
4 7
13 13
14 35
13 11
26 4
25 4
22 32
25 13
11 11
4 14
36 14
14 4
38 22
16 16
19 36
10 10
37 36
14 14
22 22
36 12
5 26
14 4
35 9
11 11
25 7
4 2
21 21
14 19
4 4
21 22
7 4
9 36
7 4
5 4
7 7
19 19
14 9
19 19
22 21
21 32
36 19
1 15
20 36
11 10
36 36
1 1
10 10
36 13
4 4
10 10
15 15
14 11
1 39
4 4
35 13
22 21
36 36
19 19
4 3
21 21
13 10
15 36
26 10
21 17
34 35
15 15
17 17
10 20
20 19
22 28
34 27
34 19
37 40
21 21
36 19
36 11
36 36
4 4
9 36
21 21
14 35
6 9
36 36
6 24
1 31
13 11
36 36
19 19
8 28
1 1
16 16
2 1
20 21
15 21
0 7
36 4
26 22
4 4
14 14
22 21
26 26
15 3
15 1
36 7
0 0
14 14
4 4
1 1
21 32
6 20
4 0
36 5
26 7
8 8
8 22
17 17
4 4
19 19
36 4
6 16
14 14
9 25
17 17
25 13
14 27
32 21
17 17
15 29
15 15
10 13
21 36
1 36
19 26
36 36
14 14
7 4
4 7
22 14
17 25
7 7
4 4
5 10
7 7
34 36
31 22
5 25
7 7
21 21
10 10
0 0
21 36
15 15
36 36
21 37
19 38
19 34
36 19
4 4
36 6
13 10
1 1
5 4
17 17
40 36
17 17
2 20
22 8
7 7
14 14
26 26
5 5
26 11
36 2
36 8
36 17
9 9
15 15
5 4
36 0
0 36
13 13
0 0
37 37
21 21
15 15
15 1
21 21
38 4
10 10
36 28
21 22
27 8
7 5
36 22
10 10
17 17
34 28
1 1
38 39
17 35
36 34
10 3
36 15
14 14
1 10
5 10
1 1
35 9
19 20
19 19
37 10
26 4
14 14
1 1
35 1
32 21
15 15
36 5
35 35
17 16
11 13
36 30
19 20
1 34
23 34
4 25
26 9
39 36
5 5
6 6
0 36
13 13
10 36
17 17
15 36
36 31
32 20
36 14
4 14
25 25
36 17
35 35
14 14
38 9
35 1
10 28
17 17
4 36
36 0
40 26
19 4
7 9
4 4
10 35
4 13
14 14
25 40
36 38
35 36
7 1
4 4
15 34
13 10
14 14
35 14
8 8
21 26
4 0
26 8
4 4
21 14
15 15
7 0
14 14
1 36
8 8
4 4
1 1
4 4
14 14
13 20
17 17
10 10
0 3
4 4
34 35
10 13
4 4
37 0
13 13
21 21
14 36
25 21
36 10
7 7
4 9
13 13
9 15
26 22
7 4
11 21
1 1
14 14
36 17
5 7
4 36
14 14
10 10
0 0
0 7
10 10
7 1
34 7
10 10
14 14
21 21
14 14
14 14
5 4
31 14
36 36
21 21
14 14
34 36
14 14
17 17
2 5
4 4
26 10
7 4
19 36
36 19
7 7
1 39
15 15
5 5
26 10
9 9
27 36
0 0
10 24
13 13
4 19
13 34
0 14
40 4
36 37
20 21
13 13
11 11
4 4
10 36
36 4
37 19
14 36
1 1
1 1
38 16
4 13
23 35
7 34
14 14
9 1
1 13
9 38
13 5
21 20
0 4
22 22
35 13
13 5
4 4
4 4
21 22
34 21
19 19
36 1
7 0
40 36
5 34
21 20
36 1
4 4
4 36
14 14
13 11
36 23
14 14
9 9
36 36
1 36
1 39
39 1
5 4
4 4
36 4
21 21
36 16
23 1
4 4
21 32
0 7
14 14
37 37
32 21
4 4
5 26
36 1
22 21
21 9
37 37
35 13
14 36
34 19
23 5
1 1
22 36
14 4
37 13
0 7
7 0
0 4
15 15
4 4
21 32
38 1
14 14
14 14
19 19
38 16
16 16
5 5
35 20
36 17
4 34
4 34
5 5
4 35
15 4
14 14
10 10
14 4
36 36
4 36
11 11
14 14
4 4
14 14
13 13
22 22
4 4
36 21
19 36
9 0
37 37
16 16
36 29
0 25
10 10
20 20
34 36
35 10
4 4
14 14
28 36
4 10
7 4
23 26
27 38
26 11
4 4
35 12
1 7
37 37
14 14
5 16
36 19
28 21
34 14
38 25
17 16
21 21
11 10
15 15
34 35
21 21
14 36
4 36
31 15
13 20
10 11
11 11
16 16
4 36
21 21
5 5
15 1
1 1
8 8
36 7
17 17
14 14
26 15
0 4
25 22
2 2
1 4
10 15
15 1
14 14
36 1
36 36
23 36
36 6
1 1
3 13
35 19
19 19
0 0
1 1
9 9
35 13
5 4
8 15
26 26
4 4
39 36
0 0
4 4
16 16
15 25
17 4
21 21
35 10
36 5
15 15
4 4
23 9
4 4
1 15
26 3
21 28
28 22
15 9
10 13
12 20
10 10
4 13
17 17
36 10
8 7
7 7
21 19
22 21
14 14
4 4
6 34
21 21
15 22
36 5
25 8
15 15
1 7
4 15
20 13
9 9
34 27
19 19
36 7
23 17
25 3
31 1
7 7
36 28
11 10
14 14
7 7
35 5
4 13
6 36
7 7
36 7
36 15
26 26
7 7
26 26
21 20
36 26
1 1
36 9
15 35
14 14
14 14
36 15
14 14
15 15
14 14
10 10
4 4
1 7
5 4
0 36
22 21
36 11
13 4
27 36
14 14
10 13
14 14
13 11
21 21
2 4
7 7
36 10
37 37
13 11
14 14
11 36
32 21
19 19
4 23
11 11
15 4
9 35
36 1
11 10
5 0
5 1
4 9
40 4
11 10
23 14
21 21
0 35
0 7
23 23
36 15
15 15
14 15
21 21
37 36
1 30
0 0
4 13
6 36
38 38
36 14
21 21
34 14
17 17
36 7
14 14
25 4
1 1
1 37
6 4
22 22
0 0
4 4
23 7
5 4
14 14
3 2
4 36
20 22
16 21
4 22
13 10
22 28
9 1
13 13
15 36
14 26
11 11
35 1
38 20
19 19
21 22
9 17
19 17
0 0
2 2
11 11
4 4
10 10
37 40
9 35
36 19
7 7
16 4
38 36
34 36
25 36
38 9
36 14
12 10
31 34
4 36
21 21
27 36
1 10
5 9
38 15
15 36
32 7
9 36
25 4
7 26
34 35
36 23
21 21
19 19
20 20
9 9
15 20
15 38
14 14
15 15
34 23
26 3
16 16
20 20
31 37
1 1
36 32
0 0
1 1
36 27
14 14
4 4
21 22
1 15
10 34
23 9
1 15
25 1
4 4
10 10
11 11
13 14
36 14
3 3
25 15
20 4
14 14
15 1
38 4
11 13
3 16
36 21
1 1
0 26
26 25
23 4
7 0
14 14
9 9
15 37
36 21
15 14
22 21
21 21
7 3
21 37
15 15
34 7
14 14
37 16
10 12
11 11
4 4
26 1
25 1
4 4
2 9
1 1
21 25
9 1
0 0
21 15
15 34
21 21
21 21
11 13
0 0
28 10
36 10
1 13
7 7
21 21
1 37
36 0
8 14
10 10
38 36
17 17
16 14
4 23
31 36
21 37
31 1
10 10
32 22
5 4
11 11
32 20
10 26
15 9
19 36
36 16
7 7
0 0
4 0
10 10
5 34
20 20
16 21
25 25
14 14
28 28
4 4
22 20
1 1
21 21
14 14
0 0
25 38
25 22
29 2
14 14
10 10
0 0
5 5
13 5
11 11
3 4
13 13
22 38
36 10
22 20
1 36
20 22
22 10
21 21
10 18
10 12
11 13
6 9
17 17
14 14
1 1
36 12
38 34
14 14
11 11
38 36
21 22
5 1
6 34
14 14
35 23
36 6
13 22
7 7
4 4
16 36
35 19
19 21
14 14
5 5
21 32
10 13
4 4
4 10
10 5
14 14
19 19
4 10
3 5
36 8
10 10
4 0
19 21
1 1
5 7
34 13
40 20
14 14
10 3
36 7
34 4
8 11
34 20
17 14
19 32
5 4
4 36
10 10
26 17
37 36
21 21
14 14
16 16
4 15
15 29
0 7
19 19
6 34
7 7
0 4
25 21
14 14
17 15
28 26
36 3
21 36
3 3
26 15
21 21
15 9
38 34
6 8
21 22
11 11
14 14
21 25
9 9
37 11
7 7
36 10
16 16
4 36
38 15
12 11
21 22
15 15
4 10
0 0
36 21
9 14
0 0
7 7
21 20
4 4
4 4
14 14
8 8
9 6
21 21
4 27
7 7
15 15
27 36
6 11
4 7
34 21
8 15
6 34
4 7
36 17
7 7
14 26
7 7
22 0
4 7
5 5
7 4
36 0
35 30
22 4
10 1
4 7
39 2
7 7
9 8
35 1
21 22
0 0
15 15
16 21
4 1
36 13
5 4
21 21
3 4
17 17
21 34
23 1
32 0
36 36
17 17
23 1
1 1
4 8
13 13
11 10
0 0
25 16
8 8
36 19
7 4
14 14
28 36
10 25
4 5
15 3
0 4
22 22
4 4
34 25
9 9
4 11
4 0
19 17
7 7
14 14
9 9
7 7
22 22
14 14
14 14
16 36
0 0
17 17
36 17
17 17
4 10
14 14
19 20
2 2
14 1
25 25
14 14
9 13
36 4
14 14
31 1
4 25
35 11
36 7
37 17
36 0
17 17
1 1
25 20
7 36
38 28
13 13
36 8
5 4
4 10
23 14
13 34
10 10
14 14
1 1
14 14
0 0
22 9
26 36
28 4
7 34
7 7
10 26
22 35
13 13
0 36
36 21
13 31
20 10
7 7
23 37
19 19
10 20
8 34
11 15
36 13
14 14
22 20
19 21
40 13
15 37
22 21
14 14
5 35
4 4
4 4
34 4
16 37
9 9
17 26
23 34
1 25
35 10
34 4
26 36
4 4
13 26
15 9
34 36
7 7
22 21
35 1
25 14
34 37
9 26
9 9
7 7
26 1
15 15
17 17
20 22
36 14
7 36
7 7
0 1
26 17
22 8
26 9
11 11
36 36
22 22
20 10
14 36
36 14
21 22
37 35
1 11
10 26
27 21
0 23
36 16
25 36
1 1
36 27
21 21
14 15
21 21
4 4
14 4
4 8
19 32
26 13
20 21
14 14
17 17
36 13
10 10
32 21
7 4
25 0
17 17
13 20
4 4
10 10
5 4
19 34
19 19
6 1
7 0
4 4
17 17
36 35
26 28
21 21
21 25
36 0
32 8
10 9
4 0
22 21
19 36
25 22
0 0
0 0
8 8
21 21
19 22
7 7
19 19
21 25
34 17
17 17
6 38
0 0
14 14
35 11
1 1
0 0
15 15
2 38
14 14
21 32
20 22
15 29
8 8
9 36
26 35
5 3
1 34
26 4
21 21
22 10
1 36
8 34
9 9
0 0
0 0
8 36
14 14
35 4
34 27
35 34
14 14
4 4
34 25
26 36
25 0
17 5
21 15
35 20
6 36
4 5
36 14
14 14
22 25
38 1
4 4
26 10
7 7
16 36
4 5
10 37
19 21
4 4
26 22
4 4
15 36
20 20
26 26
34 5
0 0
14 14
10 13
19 19
28 38
8 8
32 22
10 10
36 15
4 4
10 10
4 11
7 15
40 34
14 1
25 38
14 14
14 14
9 9
22 21
28 9
34 35
22 8
4 8
34 6
15 1
7 14
35 35
35 23
14 14
9 9
0 0
40 21
40 36
21 21
17 17
19 37
40 16
14 14
4 4
28 35
13 7
34 35
19 19
17 17
16 15
19 21
1 1
38 8
37 37
13 5
27 22
31 1
9 15
29 9
36 7
19 15
26 15
4 4
36 6
14 14
36 26
17 17
20 20
9 9
13 10
14 14
20 21
16 28
4 4
14 14
37 1
0 0
38 7
1 36
8 4
14 14
9 21
7 7
11 10
8 4
26 34
17 17
0 0
10 11
24 24
35 22
19 21
26 26
1 1
10 5
36 23
0 4
23 4
14 36
32 21
23 24
5 0
22 4
14 14
22 21
28 36
10 13
16 25
1 1
15 15
22 21
16 17
40 37
40 36
19 19
21 21
8 20
36 22
11 11
14 14
36 21
2 37
36 22
26 21
9 9
9 3
34 15
7 7
17 17
36 25
4 4
37 36
4 22
19 22
10 4
34 10
7 7
19 36
11 11
21 22
23 26
0 0
11 8
25 28
39 1
15 36
4 8
6 7
4 0
17 38
40 26
19 19
19 28
39 11
7 1
34 31
17 17
5 36
8 35
0 0
19 14
4 4
26 0
15 1
21 35
5 11
21 32
19 25
1 15
4 4
17 17
21 21
31 1
40 13
13 36
36 36
20 21
22 10
1 36
22 22
11 13
36 15
7 7
13 13
17 17
36 1
4 4
25 7
4 7
25 16
4 10
7 7
36 19
5 0
1 39
1 14
1 36
32 16
37 19
0 21
0 16
19 19
21 21
3 3
4 15
0 36
11 11
4 5
16 16
9 9
19 19
11 11
21 21
4 0
4 35
28 38
34 15
26 4
34 6
8 8
13 3
1 1
36 36
22 21
28 21
11 11
14 14
14 36
0 7
22 36
7 7
39 1
15 36
11 11
4 4
4 38
34 15
36 38
36 15
15 36
10 10
1 4
7 7
4 36
5 4
10 38
36 0
23 1
11 11
34 1
6 34
34 14
13 13
14 14
34 21
14 14
4 7
37 4
13 13
14 14
26 15
38 9
11 11
10 4
15 4
36 13
7 1
4 4
17 30
36 10
19 32
1 35
1 4
14 14
8 8
13 3
6 4
21 22
14 14
21 36
5 5
14 34
17 17
36 11
15 15
4 4
28 4
36 15
14 14
14 14
7 34
15 9
1 38
17 36
30 14
7 7
1 36
25 1
4 4
2 4
36 0
23 22
20 20
5 4
11 11
7 35
11 11
4 1
14 36
4 4
4 4
21 36
4 4
17 23
28 28
1 15
21 36
16 16
36 36
10 6
28 1
36 1
1 34
9 9
13 13
26 21
14 14
36 6
17 17
14 14
35 8
7 7
10 10
38 38
13 10
4 4
14 14
26 20
17 17
7 4
10 35
36 15
21 21
4 5
25 7
11 10
11 13
9 19
4 36
10 10
16 17
10 10
4 7
34 35
3 13
19 19
17 17
26 1
29 15
36 21
22 21
14 14
36 36
36 1
5 11
13 14
16 16
37 36
10 10
14 0
4 21
36 18
7 7
7 4
1 14
9 9
1 1
19 19
7 7
11 11
25 32
21 21
7 7
14 14
13 10
22 22
1 36
10 31
39 1
0 32
3 3
9 22
4 7
15 1
21 21
22 22
25 0
28 22
32 32
13 10
4 4
14 14
36 19
15 3
4 16
10 10
10 10
4 4
10 1
4 0
23 17
14 14
25 4
4 14
10 36
37 17
25 8
10 10
7 7
19 16
13 13
14 25
36 4
17 17
38 4
35 8
0 4
26 13
36 8
22 22
5 5
0 28
7 0
36 19
36 17
21 20
14 14
0 25
21 22
0 0
38 3
8 10
14 14
6 34
19 26
35 5
21 36
4 4
14 7
38 9
36 4
14 14
36 6
14 14
14 14
11 37
24 1
20 10
36 9
16 37
24 38
16 36
4 4
9 9
10 21
4 36
37 28
4 0
32 36
36 4
14 14
7 1
15 11
38 17
36 10
36 12
14 14
10 4
4 4
21 32
9 15
9 9
10 10
5 36
4 4
4 4
14 14
13 13
7 0
21 21
25 28
17 17
9 11
6 34
22 13
19 19
4 36
21 21
34 34
32 17
14 36
14 21
7 7
22 9
4 13
17 17
0 36
10 36
4 36
17 26
15 1
20 22
38 14
17 36
4 14
10 10
35 11
5 35
14 36
1 36
10 10
11 1
13 10
22 21
12 14
36 9
25 16
37 37
10 16
5 5
9 36
4 8
21 21
7 0
26 17
1 1
2 2
20 10
7 0
4 3
7 1
36 36
15 29
22 22
10 5
21 21
17 36
6 1
36 20
0 0
9 10
25 25
17 17
20 20
28 28
19 35
17 17
17 17
22 20
1 36
37 37
11 13
7 7
14 14
32 21
5 4
4 4
28 28
27 14
36 4
38 16
20 20
11 11
36 3
1 14
4 9
36 40
4 38
38 36
11 11
21 34
19 19
21 21
25 38
9 9
7 35
4 27
13 40
36 4
13 13
17 17
16 25
28 28
14 14
35 17
9 8
14 14
38 36
13 13
14 6
34 34
4 4
36 38
7 7
16 3
20 17
23 4
8 15
8 9
22 22
13 13
36 8
14 14
15 15
34 36
4 36
9 36
15 15
21 25
4 3
34 19
0 0
36 34
14 35
21 36
4 0
36 1
19 34
14 14
4 4
20 21
12 12
32 10
2 2
13 13
16 16
13 10
21 1
35 15
19 36
36 8
32 32
4 4
11 10
21 21
14 14
13 13
9 9
26 11
34 11
1 14
19 19
0 4
20 21
17 21
14 14
1 36
36 6
1 10
36 34
4 0
10 37
36 23
29 11
35 4
7 7
7 36
10 10
14 14
14 16
4 10
23 34
26 1
10 10
19 19
17 17
0 3
10 10
5 34
10 10
23 8
4 14
10 13
4 4
6 26
36 8
19 19
28 19
17 17
16 16
39 26
34 36
35 38
4 25
21 22
4 5
4 3
1 15
21 22
36 14
4 10
0 0
4 4
