13 15
4 4
4 0
32 21
14 14
35 35
7 7
7 1
13 13
16 16
19 21
22 22
4 7
16 16
4 0
5 4
14 14
36 8
10 36
22 28
35 2
21 21
21 36
13 10
36 17
4 4
37 34
31 1
21 26
25 5
1 1
15 1
15 1
4 4
27 36
1 1
11 34
36 4
1 14
14 14
15 31
34 16
13 6
36 19
21 21
12 36
17 17
4 14
15 35
36 35
11 11
14 14
10 11
17 17
21 21
1 1
34 21
14 14
0 4
14 4
7 7
34 4
4 4
21 21
6 16
13 13
36 29
11 13
10 13
17 16
37 36
5 3
14 14
13 11
7 7
0 0
25 0
17 36
14 14
34 34
8 15
0 7
26 26
20 4
21 38
14 14
14 31
14 14
36 9
36 9
13 25
21 7
15 15
11 36
35 36
0 14
19 19
15 15
15 36
5 4
5 36
10 10
26 21
16 16
14 22
13 8
7 7
36 13
4 4
35 4
21 36
13 13
34 5
0 4
14 14
15 17
29 2
25 20
10 22
37 16
1 1
34 4
17 17
9 8
11 11
10 25
14 14
4 36
34 23
34 16
13 5
4 4
7 4
21 0
21 21
13 11
1 21
10 10
22 22
17 17
22 20
22 10
14 14
37 7
5 5
13 38
27 34
21 21
36 4
6 23
36 0
35 22
14 14
19 19
14 14
21 21
25 34
35 14
0 0
14 14
15 26
21 13
11 13
4 0
0 1
17 17
14 14
28 32
4 5
7 35
15 15
1 4
0 0
0 0
36 6
29 29
16 16
21 21
26 9
11 30
38 25
10 10
10 10
14 4
6 4
7 38
27 35
15 8
14 28
4 14
9 36
10 15
4 14
7 7
13 13
13 10
14 14
0 7
10 36
1 1
13 10
4 4
7 7
36 1
26 19
7 4
12 20
14 14
17 35
7 7
29 29
21 21
15 14
1 1
11 36
15 36
36 38
36 23
21 22
16 13
10 28
22 21
17 21
26 11
15 8
21 28
35 30
36 32
26 21
10 8
4 4
8 21
0 38
6 22
38 32
14 14
3 17
4 36
34 36
14 14
0 6
7 3
8 15
4 4
19 35
10 10
13 10
14 14
10 13
0 0
10 11
14 14
21 38
19 19
26 4
36 17
38 1
0 0
22 20
36 12
36 34
38 35
4 4
4 35
36 3
4 13
35 35
0 0
29 25
0 36
14 14
7 0
3 10
14 14
23 36
15 9
9 10
4 4
11 11
15 16
21 20
16 5
10 10
10 13
37 40
36 1
4 4
17 37
21 21
38 38
37 36
13 34
26 10
4 4
4 4
4 4
4 7
14 14
15 11
15 15
1 36
38 10
20 13
40 0
8 8
15 14
26 0
35 7
4 4
36 10
20 9
4 38
36 34
1 36
38 35
36 20
17 17
27 35
17 17
32 36
1 1
7 36
27 4
4 5
13 11
34 34
23 15
4 34
14 14
13 10
13 4
22 22
4 10
4 0
15 15
36 34
10 3
10 38
1 1
11 35
4 22
4 4
36 4
7 36
34 1
36 34
26 38
14 14
10 10
36 1
11 35
36 15
28 22
37 10
23 0
1 39
36 23
26 9
0 0
15 36
1 34
4 4
17 17
4 36
8 14
2 2
4 1
17 17
21 21
15 15
14 14
27 19
28 22
5 5
26 26
6 34
7 37
23 23
13 10
15 15
14 36
0 0
10 9
21 22
14 26
14 14
37 10
4 4
10 13
21 20
0 7
17 17
4 4
21 21
11 11
5 5
5 4
7 7
4 4
14 14
14 14
36 19
4 7
19 34
21 21
20 21
36 16
8 20
36 17
19 16
10 10
8 8
9 4
36 28
14 36
0 36
21 21
22 21
26 11
13 13
21 21
25 8
26 4
36 27
0 0
4 5
13 9
25 4
13 26
36 5
16 16
35 14
8 4
4 4
23 7
27 36
17 10
4 4
4 4
8 8
11 11
4 4
21 21
25 15
20 20
11 11
21 16
4 5
21 21
36 9
4 0
20 34
6 6
19 19
17 20
21 32
14 14
8 8
36 4
0 0
36 3
4 10
36 0
21 38
34 36
34 35
11 9
7 7
14 14
32 21
11 11
22 22
14 14
11 10
4 4
1 1
15 8
10 10
11 13
21 6
4 13
4 4
28 26
36 11
4 15
0 0
19 19
10 13
5 4
8 15
1 31
38 6
4 5
36 4
36 16
26 8
14 14
4 4
1 1
36 17
21 21
13 3
34 34
17 17
40 5
7 7
34 6
13 22
1 1
5 5
36 8
32 19
5 34
14 36
19 19
10 10
36 27
4 10
34 8
14 14
1 0
38 23
4 14
13 3
8 8
1 34
4 11
36 35
38 22
14 14
8 15
26 15
15 8
16 21
1 1
34 10
14 14
1 4
4 4
17 25
26 17
39 1
26 13
1 36
34 35
16 16
34 4
22 37
0 4
21 21
1 1
36 1
7 7
21 21
19 19
7 7
14 14
4 4
23 36
5 10
17 17
5 5
16 16
1 4
19 19
37 1
4 4
35 35
36 1
36 4
36 16
0 0
1 1
23 1
14 14
4 19
9 9
13 13
14 14
7 4
15 25
1 4
10 34
16 21
34 36
10 35
32 35
1 1
0 0
36 32
4 10
14 36
10 36
34 4
17 17
5 5
13 11
10 2
38 14
2 37
26 4
37 5
4 10
7 7
7 36
14 14
14 14
11 11
7 7
20 7
8 29
35 1
14 14
36 27
19 21
36 26
14 14
7 7
5 5
36 3
36 15
25 13
13 13
15 17
11 10
17 17
0 1
10 23
17 16
32 15
36 4
11 10
4 25
36 4
4 4
36 13
26 4
23 36
0 4
22 28
36 36
4 4
4 4
4 4
20 19
4 4
21 22
26 36
17 17
3 3
37 6
15 1
21 21
1 24
4 7
40 10
37 11
36 4
10 22
9 1
14 1
19 34
1 5
14 14
1 1
11 25
4 15
7 7
34 4
38 36
1 3
8 8
21 21
32 36
36 9
36 23
2 10
4 4
4 26
1 6
14 36
1 36
22 32
1 9
37 36
21 22
21 35
7 7
38 9
36 36
7 4
36 22
21 21
3 3
31 11
0 4
26 19
20 20
17 17
36 13
36 13
7 0
4 4
4 36
4 4
4 4
37 1
14 14
8 15
14 34
1 38
11 10
1 35
22 8
14 14
21 22
8 25
39 7
7 7
10 22
32 36
38 34
7 7
14 14
11 11
14 14
1 1
10 10
15 10
2 13
34 4
36 4
36 1
12 13
22 13
34 35
16 25
35 0
37 37
7 0
13 12
19 19
36 36
36 36
15 1
25 0
9 9
16 16
28 36
0 4
9 15
2 2
8 4
10 34
34 15
36 36
14 14
15 6
36 16
11 11
7 7
0 0
20 37
4 4
36 8
21 21
0 36
0 0
14 4
4 0
14 14
36 10
4 4
1 1
32 10
17 17
1 1
36 36
39 38
1 36
21 21
15 15
11 13
16 16
4 5
36 0
21 21
28 22
11 11
37 19
15 40
9 15
36 7
4 3
37 39
10 10
1 4
25 3
36 7
36 6
4 10
34 0
21 22
10 13
19 19
0 0
6 25
11 11
21 20
4 1
17 17
5 5
13 13
4 2
10 23
1 1
1 1
10 20
13 13
12 34
5 5
23 36
4 4
34 3
36 1
16 36
9 22
4 4
20 20
15 36
36 4
0 4
34 12
6 10
7 0
5 0
7 0
26 4
14 35
13 26
38 36
36 13
35 38
37 7
13 13
4 5
10 13
40 38
14 4
39 1
7 7
27 20
22 14
4 26
9 2
25 34
27 32
10 10
21 22
14 4
34 4
36 32
22 22
36 15
12 10
14 25
35 21
21 21
0 7
13 26
26 17
21 21
19 19
38 38
36 22
23 36
22 22
4 19
38 27
10 13
7 0
14 37
10 37
14 14
36 4
9 9
13 11
10 10
4 4
31 38
9 15
14 14
35 3
32 15
15 9
1 1
7 7
14 14
16 6
14 14
9 38
34 25
6 6
4 4
19 21
0 4
0 7
14 36
13 26
10 10
1 1
11 14
26 21
0 5
35 9
7 7
16 4
36 1
36 15
13 26
22 4
13 13
38 15
21 32
17 17
32 17
26 26
36 36
21 28
14 14
23 1
22 28
4 35
9 11
6 19
21 21
37 15
36 4
26 26
5 4
36 8
21 21
21 21
32 15
4 4
15 22
36 6
36 1
20 4
36 25
27 21
14 14
1 11
1 36
15 15
4 4
35 4
37 37
19 19
22 26
21 36
35 28
36 16
4 4
4 0
12 12
0 0
40 1
10 10
38 16
6 21
36 3
14 35
7 7
35 11
5 11
14 4
19 19
0 7
10 22
11 11
29 5
9 15
28 22
9 5
32 17
15 36
36 36
37 37
4 4
6 0
21 5
35 7
10 36
27 22
38 4
10 10
13 13
10 13
36 12
4 7
16 36
17 17
36 27
7 4
4 7
23 9
38 34
31 1
7 7
1 1
19 19
4 4
34 1
14 14
4 25
36 15
36 7
36 17
9 15
10 10
6 6
19 19
34 19
36 7
4 4
32 21
4 5
37 4
7 7
10 37
36 15
25 30
21 22
4 4
37 37
9 36
4 1
21 21
14 27
14 14
15 15
4 10
15 32
14 25
28 21
40 1
14 14
21 19
10 10
4 0
7 7
13 13
14 14
25 32
36 4
34 29
5 11
32 32
32 0
4 35
14 35
36 32
7 7
4 36
13 13
14 15
9 38
34 34
13 10
19 35
15 36
22 22
19 16
21 21
27 8
0 0
1 1
7 4
13 4
35 38
26 15
21 21
28 22
36 37
1 1
17 36
28 36
14 14
7 1
4 38
14 14
17 17
10 11
6 6
19 26
14 14
22 16
0 0
10 10
10 10
36 11
4 4
13 13
10 34
20 21
9 15
4 13
36 10
21 4
1 1
17 17
34 35
4 34
4 9
13 13
1 1
4 13
17 17
11 10
5 3
25 4
15 29
14 14
40 15
34 10
29 8
14 14
32 36
35 13
1 1
15 15
8 15
4 4
14 14
13 13
7 7
1 35
32 14
1 7
20 20
13 10
36 32
20 17
36 14
19 21
4 4
4 14
4 4
10 10
19 16
10 10
7 7
9 9
14 14
32 36
21 21
3 13
26 3
1 1
36 10
34 4
9 1
15 25
26 5
9 15
11 11
25 4
15 15
15 14
1 4
4 22
4 20
13 14
0 13
4 36
16 16
4 36
17 17
11 10
23 38
27 35
26 4
21 28
26 6
4 5
10 36
1 1
14 14
4 4
19 19
4 5
8 15
4 36
4 34
8 38
7 7
4 4
4 4
39 1
7 7
38 34
15 11
34 14
36 20
16 17
13 38
10 10
38 35
16 16
14 14
31 34
14 14
4 14
22 21
37 37
14 14
34 15
9 9
7 7
13 10
10 11
4 4
21 21
34 34
9 9
38 13
0 0
7 36
0 37
5 5
14 4
20 10
13 20
5 35
27 34
4 36
6 1
7 7
0 1
17 17
5 4
14 14
10 38
19 34
15 31
32 32
35 34
14 14
9 14
14 14
36 15
19 19
36 17
26 3
20 21
36 23
1 1
14 14
1 1
14 14
26 9
10 4
29 21
4 36
1 15
14 36
0 0
15 29
26 1
13 13
37 17
4 4
14 9
36 0
7 7
27 38
4 1
37 4
36 37
13 11
36 15
39 1
9 35
22 22
22 21
35 36
23 1
20 22
23 23
1 1
7 7
14 14
0 4
10 13
15 14
7 7
4 4
0 0
19 19
7 7
4 4
15 35
0 7
35 15
15 15
5 3
4 5
4 14
4 4
36 19
36 15
14 14
9 9
1 9
25 38
14 36
4 36
10 10
36 4
7 7
19 34
4 34
36 23
0 0
34 27
11 10
1 1
15 35
23 1
16 16
11 37
20 21
7 7
36 22
1 14
9 9
36 5
19 16
13 13
36 16
13 1
35 35
16 16
11 11
16 16
13 25
5 5
4 8
4 5
36 35
34 13
7 31
26 15
4 34
17 17
10 10
36 0
21 21
23 35
11 36
32 21
4 4
4 4
15 8
1 11
0 0
8 36
36 37
36 4
7 7
20 4
36 36
15 15
36 28
1 25
40 40
0 36
19 19
25 14
14 34
36 21
21 22
15 15
10 13
14 14
1 35
36 5
17 17
21 34
36 7
21 22
40 14
4 4
15 35
17 15
7 7
37 10
36 28
25 22
8 8
11 11
31 36
9 9
34 5
34 14
8 35
28 36
13 5
7 7
32 21
10 11
4 4
4 0
22 22
12 36
20 36
17 17
38 23
26 22
34 22
4 1
21 21
16 36
1 1
15 15
29 23
14 14
21 21
10 21
31 36
4 4
19 19
1 9
6 28
1 1
1 26
21 22
14 14
34 22
2 2
36 9
7 7
36 34
14 25
37 14
14 14
13 11
9 36
34 6
28 21
17 17
5 4
5 5
13 24
10 26
36 2
9 4
39 36
6 10
4 4
25 36
9 9
36 15
7 7
4 10
4 36
15 15
21 21
13 11
14 34
26 11
4 4
19 19
11 10
11 26
17 17
36 8
10 17
11 10
10 20
36 36
4 4
36 0
1 3
25 25
21 1
26 1
4 34
13 36
27 4
36 16
37 36
4 4
8 35
19 36
21 19
4 13
10 9
36 4
13 40
13 3
7 0
14 14
4 4
13 13
17 15
25 7
0 11
4 35
11 11
36 36
15 36
4 4
10 11
23 38
8 14
11 21
36 15
36 21
16 36
13 26
21 36
16 38
37 37
15 26
35 36
13 25
4 4
1 1
22 26
29 21
36 34
14 14
6 26
16 14
3 13
21 21
36 5
7 7
0 0
4 14
14 19
17 38
11 11
4 4
4 4
16 34
28 21
9 29
15 4
21 28
36 21
4 25
22 23
20 13
26 22
36 4
36 37
21 36
10 10
15 34
1 1
26 14
7 0
9 9
4 22
14 4
13 0
21 36
36 36
21 16
26 21
9 34
4 4
11 11
36 1
21 21
36 6
35 8
17 17
21 32
16 17
25 21
4 4
2 2
21 28
14 14
38 16
14 14
1 1
4 4
4 1
36 15
34 19
10 13
4 4
4 14
1 1
4 5
4 0
10 10
21 21
4 4
25 4
23 23
9 9
10 1
8 27
7 7
7 39
10 13
5 35
34 14
31 9
36 34
27 16
23 7
17 19
35 1
20 36
36 3
7 7
4 4
23 22
22 21
29 7
36 1
16 9
0 0
34 6
36 36
25 13
13 2
11 36
21 22
23 25
21 20
4 4
21 29
25 10
38 38
9 36
36 40
36 15
10 19
39 14
6 13
36 15
14 14
36 21
13 10
4 6
35 22
21 21
36 15
13 10
32 4
13 12
10 10
14 14
16 16
21 20
36 35
21 17
4 4
40 40
13 13
21 21
4 36
36 0
26 38
36 15
10 4
36 14
7 1
16 36
9 15
21 21
1 25
0 7
21 32
25 22
10 4
26 4
10 27
11 36
13 6
19 4
15 15
17 36
11 10
4 1
16 16
13 13
37 36
37 28
34 3
15 8
21 20
36 36
22 22
22 28
32 21
4 4
0 23
14 15
15 15
7 7
20 28
36 3
36 34
14 14
1 36
24 36
36 37
13 34
35 5
4 4
11 11
5 4
21 21
3 3
6 7
0 26
4 4
0 14
4 4
1 4
36 8
34 34
3 5
11 10
25 17
11 11
13 0
4 4
34 25
37 15
4 14
11 10
23 9
22 22
14 14
28 22
4 0
36 4
35 4
4 4
28 0
19 19
11 13
15 21
13 13
15 15
15 15
9 9
4 4
38 15
3 3
19 19
19 22
9 15
15 36
19 19
9 14
5 5
1 35
17 17
10 29
10 10
38 41
20 35
14 9
15 36
21 38
17 17
0 4
28 22
5 11
4 7
23 1
14 4
4 30
14 14
4 4
21 21
1 1
14 14
1 1
9 9
35 38
11 11
36 15
21 21
32 36
14 14
34 6
14 38
21 21
16 16
36 31
21 35
9 9
10 23
27 27
13 11
34 4
26 3
13 11
13 2
13 14
15 15
25 15
3 6
4 4
11 11
13 13
4 4
32 20
21 21
0 0
5 38
4 4
5 5
11 11
4 25
36 15
14 14
14 35
15 14
0 7
21 20
34 1
4 4
19 4
26 7
21 21
36 38
16 16
25 4
26 28
36 36
36 27
4 14
38 16
4 4
26 14
11 11
13 10
14 14
35 7
2 4
1 35
21 21
4 8
40 36
11 11
15 36
0 1
4 10
36 35
19 19
19 19
1 1
14 14
4 0
13 13
5 4
36 8
15 15
19 22
13 4
7 7
28 22
4 7
16 16
39 34
19 19
17 17
4 15
3 3
10 4
14 14
14 14
4 4
32 38
36 37
13 22
14 14
16 16
36 13
8 4
0 4
4 4
22 21
21 21
14 38
4 7
5 4
36 3
4 1
3 0
4 1
34 34
36 7
38 1
10 17
38 27
1 37
17 17
7 4
2 22
14 14
36 15
34 1
26 0
16 36
21 36
6 38
6 36
36 36
4 4
36 7
4 4
14 14
36 8
8 9
22 26
2 2
14 14
20 22
40 36
4 0
21 21
32 14
35 1
14 14
25 15
14 14
19 19
8 8
7 25
10 10
7 4
35 35
21 21
4 4
36 6
34 14
4 26
34 21
38 19
0 4
4 4
14 14
23 36
19 19
10 10
14 4
7 7
11 36
28 22
14 14
4 10
3 3
1 1
1 1
36 15
7 7
14 14
4 25
0 25
36 11
38 17
28 21
40 38
28 20
10 10
13 1
4 4
11 11
21 21
14 14
34 36
15 15
2 3
9 15
0 0
13 34
4 4
6 34
36 17
5 36
22 32
38 13
28 10
4 22
11 11
25 4
0 0
10 11
13 34
5 14
1 23
36 36
19 19
4 4
23 36
4 13
4 36
13 36
14 36
14 14
4 4
21 25
10 10
23 34
6 38
36 27
19 19
19 4
37 37
34 15
21 21
25 4
17 17
10 15
17 17
36 3
6 34
4 37
31 15
36 31
14 14
25 17
4 4
6 1
34 10
15 35
32 1
36 21
9 9
15 36
15 34
36 23
9 9
4 0
0 5
15 37
0 0
19 19
14 14
4 4
2 34
17 17
22 21
35 15
38 21
35 35
0 4
6 37
31 37
5 8
22 36
14 14
21 25
14 17
36 15
4 10
14 5
14 3
13 28
9 1
14 35
36 4
1 1
13 12
38 8
2 2
9 9
9 15
4 4
16 36
15 15
20 10
4 10
37 26
34 9
0 1
21 10
10 12
14 14
15 9
0 0
36 14
27 4
14 14
4 4
25 9
13 13
0 25
14 28
28 21
5 11
0 1
14 14
14 14
14 14
4 4
11 11
21 20
14 36
16 16
1 4
26 0
1 9
4 4
5 5
8 15
0 26
20 34
4 4
14 14
28 21
1 1
4 4
23 1
17 32
10 10
38 34
4 8
37 37
36 36
14 14
11 11
7 0
36 23
14 14
35 35
25 21
34 4
4 5
4 14
11 10
14 4
21 21
28 22
14 14
9 36
14 14
34 4
10 10
7 7
5 27
5 1
25 38
14 15
6 1
16 17
7 7
10 36
32 32
7 0
36 4
36 19
4 1
14 36
21 21
36 5
26 16
28 22
36 10
20 17
23 23
10 13
11 10
34 9
13 13
10 10
4 4
20 20
7 7
4 4
14 14
39 14
14 14
4 4
6 36
9 9
10 11
19 10
25 9
0 0
21 36
36 38
17 17
36 39
37 36
11 11
20 19
9 9
20 22
19 21
34 6
4 0
7 7
36 8
4 4
0 5
36 10
36 7
13 13
15 8
21 32
10 11
10 11
17 17
11 15
1 1
36 15
4 0
4 4
4 4
5 2
9 4
15 9
15 15
7 4
4 4
36 38
21 35
5 19
10 11
35 14
29 4
36 2
21 22
32 20
10 10
14 14
14 14
10 10
4 4
11 11
4 4
2 36
11 13
36 26
1 3
38 34
10 16
13 13
17 17
16 16
20 20
1 1
36 20
34 10
4 36
25 0
36 1
15 36
35 23
14 14
21 37
36 1
8 22
4 16
38 15
1 1
16 5
35 4
36 28
4 4
36 36
14 14
5 5
34 39
4 5
6 21
11 11
4 4
13 11
4 5
4 4
11 10
5 34
17 17
2 13
4 36
5 4
32 21
14 14
14 36
36 36
1 0
10 14
13 13
36 19
9 1
32 37
40 9
14 36
1 1
8 15
0 3
20 21
4 4
23 26
10 10
35 35
20 8
36 11
10 10
14 14
27 36
4 36
36 14
28 21
36 17
28 22
35 34
4 6
14 14
34 34
37 37
13 4
15 29
3 3
26 13
10 23
21 20
10 37
25 25
6 7
14 14
4 0
10 9
4 4
4 37
34 6
7 7
36 4
36 17
36 1
36 14
14 36
7 7
1 1
19 28
5 5
7 5
15 9
28 21
16 16
0 25
13 4
38 30
17 17
36 6
36 10
16 16
8 8
25 25
28 22
4 4
14 14
27 11
22 21
25 21
14 14
5 34
36 5
35 0
4 4
4 4
4 12
1 1
4 0
7 37
14 5
4 13
14 35
40 13
4 4
13 13
19 36
34 5
1 1
4 4
22 1
21 21
13 10
8 8
17 17
8 34
14 37
4 4
4 4
16 37
7 7
35 10
38 1
36 2
4 4
19 19
11 11
36 21
8 14
17 17
14 35
0 0
21 22
34 14
25 21
32 21
4 4
25 34
4 21
1 7
36 10
0 0
3 5
26 11
0 7
3 25
16 16
21 20
27 36
4 4
36 15
1 1
4 34
14 35
0 0
38 17
6 15
16 17
7 7
4 4
5 25
1 1
7 0
4 4
7 0
23 1
36 5
14 14
36 22
4 11
13 24
38 3
14 14
1 36
21 21
26 11
21 22
36 1
22 14
4 4
21 21
4 4
20 22
31 1
21 21
36 21
25 15
0 1
25 25
19 4
9 15
1 34
4 4
22 21
4 4
23 36
2 3
13 11
14 14
19 21
21 21
4 4
36 15
11 10
19 28
36 17
16 26
7 4
14 6
34 22
1 1
0 5
7 7
16 16
8 6
4 4
13 26
5 4
14 14
25 23
36 0
0 1
22 10
7 7
14 14
38 22
19 37
4 4
2 2
36 11
4 4
14 14
36 28
26 3
17 17
13 10
34 38
14 34
23 36
23 26
31 35
13 4
37 34
25 2
19 4
34 4
4 22
39 1
36 21
10 13
34 20
4 6
15 29
13 22
38 14
38 15
6 1
38 20
35 29
14 36
25 14
17 14
16 16
14 14
22 20
14 14
1 1
4 4
21 20
15 34
7 7
0 0
4 4
36 6
4 11
