7 0
4 15
35 19
14 14
36 4
37 15
38 36
7 14
20 21
4 2
25 4
14 14
6 9
4 0
7 7
19 9
19 8
39 7
10 22
26 22
35 24
17 17
38 22
6 10
21 35
0 4
5 5
11 11
13 13
38 23
37 4
4 4
21 25
22 22
3 4
19 36
11 13
4 4
17 17
36 21
39 4
22 36
4 25
25 7
38 25
4 0
8 15
4 4
25 36
10 10
22 1
4 4
20 20
15 13
28 30
13 13
4 36
25 17
0 7
36 15
0 0
36 1
1 1
9 26
36 16
13 23
26 14
3 36
7 7
9 1
4 4
4 5
15 1
1 1
15 34
19 20
15 15
21 21
36 15
14 14
13 4
11 11
19 19
7 7
21 21
35 32
17 16
10 10
1 10
4 4
0 0
14 14
0 23
26 2
26 26
36 19
15 15
0 0
36 37
35 21
36 8
38 38
28 22
25 15
21 8
11 34
0 0
11 25
7 7
17 35
4 4
14 14
40 3
36 11
24 14
1 6
11 11
28 28
4 4
21 36
36 19
11 11
5 4
14 36
6 14
0 0
4 36
22 22
36 16
16 21
7 7
37 37
34 4
22 20
15 15
26 1
6 6
23 26
4 9
17 17
4 6
36 34
4 7
37 36
4 7
7 7
35 10
34 4
14 14
20 32
4 34
21 22
36 4
34 14
8 36
17 38
14 14
20 36
14 14
32 11
10 10
4 35
4 4
23 26
10 10
5 16
25 10
21 21
5 5
14 14
1 1
10 11
2 3
4 4
23 23
16 16
8 8
9 8
17 17
19 21
0 0
23 7
14 36
10 25
7 7
35 11
0 36
4 11
15 14
21 22
16 36
14 26
10 10
35 17
10 10
21 21
13 22
15 11
19 34
0 0
0 5
5 5
4 4
3 26
14 14
19 36
36 4
14 35
15 36
1 14
10 38
26 5
15 23
14 14
20 14
21 21
36 20
1 7
0 0
9 9
4 4
36 10
31 38
15 8
10 36
37 37
17 17
23 4
4 7
13 11
20 26
15 35
15 15
14 4
4 6
7 26
38 38
21 38
14 14
7 7
11 11
35 19
4 16
34 37
20 20
7 7
15 1
36 36
14 14
1 1
23 36
0 7
15 36
35 15
34 4
26 16
35 35
36 36
14 14
22 11
7 7
13 13
20 19
25 4
4 13
14 36
35 14
34 15
38 38
13 10
23 0
4 5
36 6
14 14
19 19
36 36
38 20
36 9
19 19
14 14
16 35
17 40
35 35
26 10
36 14
36 38
14 20
36 23
5 11
10 11
11 11
4 4
22 17
13 13
34 15
26 9
23 35
5 26
10 4
26 20
28 19
36 37
4 19
8 38
36 23
35 35
36 11
38 37
0 15
1 1
7 1
19 19
4 23
1 13
4 14
15 36
13 11
4 5
23 8
36 21
1 4
32 9
21 21
7 36
7 39
1 4
25 17
15 14
35 35
26 4
4 4
4 4
36 13
11 11
15 34
10 11
34 0
4 4
0 7
10 10
8 15
15 25
11 11
10 25
17 26
25 0
36 34
35 14
21 21
21 34
7 7
22 22
4 4
14 14
5 3
14 14
14 14
6 36
1 0
23 36
0 0
15 15
4 4
38 36
22 21
36 36
14 14
36 23
36 37
36 32
14 14
4 36
27 34
34 15
37 37
7 7
4 5
13 13
36 17
36 21
13 13
15 8
4 4
14 14
14 14
29 34
29 21
36 4
1 6
13 20
19 19
14 14
14 14
19 14
19 19
7 5
29 15
7 7
13 37
21 21
14 36
4 26
22 22
1 38
25 4
7 25
21 21
20 20
4 13
17 17
4 26
13 11
23 34
23 36
0 0
1 1
12 13
23 24
7 7
22 22
4 14
22 35
0 7
26 10
39 1
17 17
35 38
21 25
36 1
14 14
14 14
0 14
36 21
10 10
21 22
17 17
11 4
9 15
36 34
10 10
4 5
23 13
15 15
15 29
4 4
14 14
29 15
36 15
14 14
28 25
34 4
1 15
31 34
6 8
11 11
36 31
5 5
8 15
13 13
16 16
36 10
4 35
36 14
22 28
17 17
14 14
10 4
22 22
15 36
28 22
36 14
1 1
26 4
36 17
28 14
15 15
32 14
21 25
7 7
15 14
34 37
0 7
35 4
10 11
0 0
23 35
32 21
14 36
17 34
11 11
21 26
10 2
1 1
36 17
37 36
17 20
8 8
4 4
32 34
25 21
36 25
10 13
38 4
11 11
36 21
34 17
25 21
14 14
4 4
11 10
5 36
22 14
37 37
34 11
2 22
15 37
7 7
36 23
4 4
36 4
21 21
0 0
38 38
14 14
23 4
22 21
36 4
4 22
8 8
4 4
36 35
14 14
1 3
0 5
5 8
7 7
15 15
36 4
14 4
16 16
36 19
12 36
14 36
13 11
36 16
14 14
36 11
4 0
25 9
21 21
7 7
10 13
0 4
7 7
0 0
21 21
36 13
37 3
34 8
1 1
5 5
15 15
14 25
21 15
14 13
36 38
17 17
16 8
10 10
7 6
34 17
4 14
13 11
36 11
10 10
21 20
5 5
37 9
11 13
36 23
38 14
14 14
14 14
13 36
36 36
10 10
0 14
14 36
0 0
35 4
4 4
30 28
15 15
13 22
15 2
35 17
21 21
16 16
0 4
36 11
25 17
13 11
36 2
36 37
19 36
1 1
7 7
21 22
9 9
19 22
14 4
22 35
5 0
4 21
17 22
14 14
36 5
7 29
25 16
2 26
20 20
14 14
25 14
15 15
13 13
22 37
36 1
15 15
19 19
17 17
34 20
15 9
17 10
35 21
4 36
36 14
10 10
19 19
15 36
32 21
14 5
36 0
17 17
34 34
9 9
34 37
15 34
10 38
20 20
13 10
26 13
7 7
6 6
27 21
7 7
11 26
7 7
13 11
38 15
10 36
36 9
0 5
14 14
25 22
36 11
10 10
26 3
15 26
19 19
4 0
14 14
9 1
21 1
7 34
31 35
4 8
1 1
35 14
15 17
4 4
21 21
15 34
34 29
0 4
35 35
15 15
5 36
36 36
34 4
10 10
26 38
11 0
35 40
5 13
4 4
26 10
36 11
19 21
38 6
7 7
35 21
9 15
0 0
9 10
22 36
15 9
22 21
2 2
34 36
1 9
11 11
4 1
9 1
27 5
21 6
25 3
13 13
32 4
14 14
0 0
17 17
1 1
22 21
17 17
21 17
4 4
21 25
0 0
36 23
37 5
34 36
34 29
36 26
10 4
4 4
22 28
21 21
8 29
4 1
10 36
19 19
19 36
7 0
13 22
36 38
14 36
4 4
15 15
7 7
21 21
34 14
34 1
34 36
34 23
13 13
4 4
38 20
38 36
8 15
8 17
13 11
31 1
1 36
4 4
15 15
14 14
11 11
15 1
40 19
35 23
36 6
4 4
32 21
27 35
14 14
7 1
4 20
36 11
19 36
38 8
19 22
9 15
14 14
36 14
17 17
9 15
4 4
26 4
23 36
10 4
27 36
4 4
15 15
10 10
38 1
31 14
0 0
10 4
35 13
22 10
34 37
13 11
11 11
16 36
13 26
36 36
4 22
37 21
4 10
16 34
26 5
36 14
32 14
13 13
9 34
10 10
7 1
7 25
14 14
14 14
15 8
35 27
10 10
14 14
2 11
4 4
11 5
27 4
14 1
35 21
25 10
15 9
23 26
11 13
38 9
15 36
10 10
5 14
4 4
8 8
10 10
14 34
15 8
9 9
36 1
4 4
14 14
34 19
10 3
37 37
31 34
15 1
26 19
22 21
20 22
19 19
6 4
28 22
13 36
4 4
4 8
31 1
0 0
35 21
38 13
36 27
5 4
36 7
10 4
34 10
17 17
13 10
20 37
35 35
4 4
21 21
4 14
13 10
23 37
21 20
36 36
7 7
15 15
0 4
27 36
36 19
21 21
25 4
21 32
14 14
21 36
23 1
10 10
15 38
11 34
7 34
36 1
17 17
25 32
28 21
15 1
19 34
13 13
39 1
5 3
22 22
38 38
7 36
4 4
38 15
27 36
4 4
6 0
35 4
14 7
6 26
17 17
9 37
21 21
19 19
36 19
1 1
11 11
4 34
21 19
11 4
36 16
7 4
22 34
15 15
4 0
5 4
4 14
14 34
22 20
14 14
7 7
14 35
17 17
31 6
26 4
9 15
13 1
37 36
19 19
6 19
4 4
13 11
36 10
14 14
26 9
7 5
4 38
0 0
36 20
13 10
35 35
7 7
7 36
11 20
14 0
11 11
4 4
19 20
7 0
21 21
11 5
24 36
21 14
12 13
26 22
22 20
14 14
5 14
4 0
21 20
22 8
14 14
10 20
1 7
4 34
0 0
10 10
4 6
14 14
19 14
14 26
36 31
34 1
15 15
0 0
1 25
0 0
15 15
28 22
22 21
14 14
15 15
13 16
34 6
17 36
0 0
4 4
5 5
13 4
19 16
34 10
5 4
23 35
38 36
24 36
10 35
17 10
21 21
15 16
4 1
0 7
14 1
32 21
13 4
14 14
34 15
26 36
38 34
4 13
9 21
10 10
8 8
14 38
36 17
1 1
17 17
8 8
1 1
25 38
4 4
6 1
21 25
1 39
0 0
5 4
1 36
8 8
35 4
36 1
16 36
1 31
36 14
9 36
14 14
15 4
21 32
21 21
14 14
1 13
0 0
35 35
13 13
35 35
35 14
19 19
21 22
28 28
22 34
36 0
20 12
36 21
34 35
38 21
11 10
14 34
7 7
15 36
7 6
8 2
36 38
21 21
38 2
19 19
9 4
22 13
4 13
36 10
9 15
32 14
15 35
4 8
4 4
5 4
4 15
28 10
36 34
10 10
23 1
38 38
4 8
11 11
34 8
7 36
14 14
34 19
11 13
17 17
11 36
28 21
38 38
14 14
10 10
4 11
7 7
13 26
7 0
9 6
0 17
4 4
14 22
10 10
7 0
15 13
36 17
21 21
21 32
4 4
17 17
38 39
34 4
1 1
1 10
14 38
25 36
0 0
13 35
23 38
21 21
35 23
10 10
7 36
7 7
36 38
37 37
17 4
15 35
34 15
36 9
36 37
14 3
20 19
28 34
10 4
15 34
36 17
15 15
14 27
10 4
23 1
38 6
22 21
10 36
36 1
7 4
27 36
1 39
15 37
15 14
21 21
14 14
7 7
4 4
36 1
19 4
14 14
7 7
2 17
19 19
0 1
9 20
14 14
15 15
28 21
36 7
35 4
1 1
26 26
36 22
36 9
0 5
14 14
4 4
23 32
36 4
14 26
36 0
10 11
13 13
25 10
0 4
1 26
17 4
38 17
1 7
16 36
15 1
4 4
11 13
14 14
35 0
4 5
26 4
13 34
21 21
15 36
32 36
20 32
4 4
0 23
4 13
5 4
16 16
36 23
4 34
14 15
4 13
15 15
29 8
5 14
21 21
36 1
31 1
10 10
40 22
14 14
15 8
1 15
19 19
14 14
10 10
4 4
15 35
36 37
32 14
35 24
8 36
14 14
13 10
27 36
21 21
17 36
36 13
4 15
4 8
17 17
15 15
11 13
19 36
4 4
38 20
11 13
26 6
14 14
31 29
10 36
36 36
15 9
0 0
11 9
1 1
19 21
4 4
4 7
11 11
0 5
15 19
36 8
38 36
15 16
22 21
36 17
11 13
21 35
36 1
21 21
14 14
17 17
11 14
19 20
38 27
1 41
22 21
9 20
32 21
11 11
7 7
10 13
21 21
15 15
7 7
38 16
23 26
1 38
36 40
4 4
5 14
35 21
4 4
9 6
3 7
13 36
21 4
12 34
4 4
4 21
10 11
38 34
1 21
36 17
8 4
34 21
4 5
14 14
21 20
14 14
37 27
21 34
4 10
15 36
20 21
1 35
14 14
22 21
1 1
35 14
4 4
6 0
13 13
37 34
7 7
9 21
14 14
13 10
38 1
36 36
1 15
36 36
7 7
20 28
4 11
8 15
14 14
14 14
6 4
7 1
37 37
1 1
11 11
13 13
20 21
14 14
7 7
14 14
21 21
19 19
6 7
39 8
17 17
38 36
36 0
16 28
35 3
19 19
10 10
10 10
34 15
1 1
15 15
8 27
21 34
36 27
7 14
21 10
22 21
25 31
28 22
13 13
14 36
15 36
0 0
29 36
10 13
14 14
36 6
1 2
4 5
14 14
10 10
38 17
8 36
22 22
3 5
11 10
8 4
4 4
36 4
14 14
7 7
7 7
7 34
36 36
15 15
31 9
34 19
1 1
32 17
14 14
10 36
1 1
14 14
37 15
4 4
34 10
0 4
9 1
4 4
22 21
4 4
21 21
34 36
32 22
7 7
4 4
21 21
7 7
21 21
8 4
14 14
36 8
0 0
36 36
19 34
11 11
21 21
8 20
19 19
24 1
34 11
17 17
37 37
20 28
16 16
4 11
35 17
9 9
32 7
4 4
15 11
21 21
21 14
21 21
21 22
32 17
36 4
14 14
4 4
1 9
15 8
38 8
19 5
34 15
28 13
36 36
14 14
14 14
37 14
4 10
14 14
36 19
4 14
0 0
14 14
14 14
0 4
10 10
20 20
4 2
4 5
4 4
13 13
7 7
19 17
14 14
7 7
14 14
35 21
13 11
23 1
14 14
10 11
35 5
16 16
36 3
4 0
32 14
21 21
7 1
35 35
4 4
14 36
22 25
38 34
21 21
36 13
13 13
20 13
35 1
36 23
36 16
22 21
7 1
7 0
5 36
7 0
4 4
4 4
36 4
6 21
23 36
4 4
16 16
12 36
21 21
4 36
13 2
4 9
34 23
14 14
4 4
22 40
4 4
7 4
35 6
14 14
34 38
13 13
6 21
14 4
36 36
28 36
15 1
10 2
32 17
14 14
36 7
36 15
25 1
21 22
36 15
4 36
0 0
40 36
25 38
7 7
36 36
23 1
14 14
19 38
13 11
35 17
4 4
10 15
5 0
19 19
36 15
7 7
5 5
13 13
10 10
15 36
14 14
36 36
7 17
14 26
14 14
13 37
35 14
17 17
25 28
36 1
15 9
25 22
34 0
26 22
15 9
21 21
7 36
0 0
14 14
14 14
5 4
9 9
1 1
17 17
1 1
2 38
3 0
2 9
15 36
21 25
2 9
15 15
1 1
39 14
17 36
7 36
22 21
4 10
4 5
35 19
4 4
11 10
23 23
38 1
19 19
36 35
8 27
16 25
21 34
7 36
36 4
15 4
34 10
10 9
34 15
6 4
9 21
1 7
17 26
6 37
32 22
7 4
11 11
6 19
10 10
16 16
14 14
4 4
15 4
36 38
14 14
38 15
21 22
35 36
37 40
28 28
19 16
21 21
19 17
14 14
21 26
7 35
34 36
14 25
10 36
7 7
0 0
11 11
25 19
40 12
8 36
32 22
15 36
4 36
14 14
4 4
22 8
38 36
1 1
34 4
21 36
7 36
14 14
21 35
4 8
35 19
22 31
36 21
28 22
7 7
11 11
11 5
7 7
7 4
21 38
40 1
21 21
13 11
20 21
21 20
37 37
14 14
15 41
36 36
4 16
16 16
36 16
36 34
23 23
16 16
4 4
38 15
7 4
8 15
8 8
4 1
16 16
36 20
1 9
36 17
10 4
14 14
37 21
13 13
13 36
35 19
4 4
35 6
7 7
11 11
4 21
19 36
4 14
1 1
0 0
36 4
19 21
4 3
0 5
36 7
36 15
19 19
21 21
38 36
36 4
37 37
38 1
38 10
24 36
15 15
6 36
4 1
36 37
15 29
8 8
11 11
36 37
1 1
23 38
13 4
22 19
23 14
4 4
17 17
23 4
17 17
10 13
20 37
7 0
34 14
7 7
21 28
14 14
36 15
10 10
20 13
2 36
36 21
5 0
36 16
14 14
0 0
10 10
17 17
1 7
10 36
4 8
0 14
2 36
34 34
10 13
36 4
5 5
19 19
36 10
1 36
21 32
5 0
0 7
1 36
10 11
14 14
14 14
4 9
21 22
14 7
31 1
10 31
25 5
36 36
13 6
8 8
15 10
1 4
20 13
20 20
36 14
4 5
14 14
36 35
36 37
27 36
11 12
0 0
37 21
1 34
17 17
15 37
21 19
28 25
36 5
5 34
19 19
1 34
36 4
28 22
14 14
36 2
8 34
16 38
14 14
1 1
4 4
21 21
28 21
14 14
17 37
21 21
21 22
2 2
36 4
14 4
34 4
4 4
21 21
0 3
36 31
11 34
34 6
36 4
1 36
8 4
34 15
4 4
10 13
38 38
1 31
4 15
7 14
36 36
4 14
36 34
8 15
36 4
9 15
21 22
38 36
23 36
17 7
6 1
13 3
15 1
14 14
19 9
34 5
14 14
15 15
10 10
1 1
4 4
25 25
17 17
14 26
15 38
2 2
5 5
36 7
4 4
0 34
4 7
13 4
1 1
7 7
37 4
2 2
38 9
35 10
1 1
16 35
7 36
27 5
32 21
34 4
13 11
19 19
15 36
7 36
36 9
21 21
7 7
21 32
19 37
6 36
25 10
4 19
5 4
0 0
31 36
5 13
22 21
0 0
4 4
13 10
4 20
36 0
13 34
15 1
21 21
13 4
10 10
15 36
34 5
4 5
24 35
9 9
14 14
15 15
37 27
10 10
37 37
26 15
7 10
14 21
21 21
17 17
34 4
36 10
1 4
15 29
13 5
19 25
0 0
14 17
25 17
35 7
26 26
26 3
19 36
11 11
25 14
8 22
4 36
4 4
36 22
7 7
5 0
20 20
23 35
4 36
32 19
1 1
22 4
10 1
14 14
22 6
22 36
7 7
20 21
15 5
3 36
4 4
4 4
8 8
21 21
1 36
15 15
21 21
21 21
15 8
14 14
7 36
21 21
34 10
0 0
4 4
9 9
34 17
36 3
1 37
2 1
38 19
37 37
1 37
4 4
1 1
13 10
15 29
11 11
11 35
4 1
34 20
13 22
25 15
14 14
15 1
35 35
34 35
14 14
3 36
7 17
32 15
1 1
8 4
25 20
36 15
4 36
40 13
10 10
36 10
36 13
35 14
35 21
10 37
4 7
27 12
0 4
7 7
34 19
1 35
0 0
0 26
10 11
8 8
15 38
13 13
21 9
4 36
8 31
17 17
35 9
21 22
8 36
7 31
4 22
2 2
36 14
36 15
36 36
19 20
10 11
22 11
7 7
15 15
20 10
9 4
21 8
4 10
21 19
11 36
36 23
23 36
4 25
10 13
13 1
36 36
38 21
36 31
10 22
36 23
36 1
4 4
5 5
20 26
40 6
21 21
32 21
36 36
38 1
5 37
36 22
10 10
36 16
15 35
26 23
14 14
20 9
10 1
4 36
13 6
36 6
14 14
15 15
10 20
34 6
7 7
1 6
1 1
2 4
1 1
36 10
21 25
1 36
4 4
15 34
21 21
4 36
38 6
13 13
16 36
17 17
1 1
6 38
5 4
1 1
4 36
11 7
24 9
14 14
11 10
28 21
28 21
10 34
4 4
17 17
36 13
10 40
4 4
38 23
14 14
0 4
35 36
7 7
1 35
8 38
11 11
38 35
36 36
7 7
14 14
22 35
0 4
28 17
4 0
21 36
21 21
4 11
21 36
17 17
34 12
5 4
10 10
4 4
36 6
17 17
36 1
3 2
5 13
35 9
35 34
14 14
10 10
13 35
21 21
17 20
38 38
22 22
8 15
10 20
10 11
7 0
14 36
23 1
4 5
27 17
36 15
14 9
21 21
6 13
36 21
0 0
37 37
22 10
0 4
10 10
14 14
11 4
7 7
21 30
36 2
6 36
36 13
7 35
10 34
15 7
13 13
1 1
0 25
36 32
34 15
15 15
22 13
4 4
37 8
6 36
36 31
8 10
36 36
36 29
22 21
15 34
10 13
21 22
13 4
15 9
10 10
19 36
16 16
13 35
36 36
4 4
34 38
1 1
13 35
15 38
8 36
7 7
20 21
4 34
13 13
14 14
40 37
4 26
15 35
4 36
4 9
36 35
4 4
20 20
20 36
36 4
19 19
13 2
23 26
34 14
14 36
4 15
9 28
4 5
17 17
32 19
21 34
34 29
0 14
28 17
13 13
34 2
14 14
15 38
23 17
36 0
1 25
10 10
14 14
1 1
21 21
36 1
40 10
26 37
39 1
21 16
38 38
10 36
10 10
10 36
0 25
17 17
10 34
14 14
7 22
14 14
25 1
5 10
7 7
16 16
14 14
15 15
10 4
26 10
1 36
40 13
35 36
8 27
37 37
35 38
16 16
21 21
14 14
4 4
14 14
0 0
0 0
8 41
15 15
4 4
34 16
36 3
17 37
7 4
7 7
37 4
21 13
15 8
0 0
9 9
7 7
19 34
32 7
21 21
13 26
14 36
4 4
13 22
10 10
4 4
9 36
13 10
5 5
0 4
4 15
34 8
36 34
7 36
14 14
26 3
14 36
1 4
26 23
24 37
36 7
40 40
14 29
37 1
11 11
37 36
36 4
17 17
7 1
13 27
21 21
10 22
36 22
10 4
4 4
1 36
36 36
15 14
22 25
21 25
19 19
38 38
16 16
26 15
7 7
35 35
9 9
4 4
15 15
13 10
23 34
2 2
35 36
14 14
26 9
7 7
11 36
40 3
15 9
36 6
34 4
7 8
13 38
10 10
34 15
1 36
14 22
6 5
9 26
14 14
1 5
7 34
36 35
9 2
7 7
27 13
9 9
20 28
0 0
17 17
20 34
35 36
9 0
14 34
9 15
20 10
34 19
34 4
5 5
36 14
26 13
38 16
16 11
35 13
0 0
15 1
37 21
6 13
6 3
9 26
36 1
6 38
8 34
36 24
24 36
16 4
5 4
15 15
40 35
38 38
7 0
29 34
21 21
4 4
6 4
6 36
15 1
0 0
14 14
14 21
36 14
17 17
14 14
4 11
19 19
23 7
7 0
4 4
36 14
8 4
10 10
34 35
1 36
4 0
15 38
4 10
37 37
20 13
34 14
15 14
36 32
3 1
21 21
11 13
7 7
5 0
34 0
36 1
15 9
21 21
4 25
21 20
11 13
15 1
21 22
36 41
1 2
10 10
4 4
7 1
36 11
28 36
22 21
36 34
36 19
4 10
16 17
1 10
14 14
6 6
5 4
25 5
9 9
8 14
11 11
22 21
21 1
14 14
4 4
21 21
21 21
10 10
4 4
37 10
14 14
36 10
1 26
1 1
14 35
14 14
11 11
4 4
26 13
0 4
36 7
32 32
22 21
12 12
17 25
4 4
5 5
7 1
0 4
26 16
22 20
6 36
3 3
22 20
32 21
38 30
16 35
36 35
38 4
14 14
11 4
10 4
7 7
36 1
38 22
16 15
13 13
1 1
