9 25
14 14
37 35
7 36
25 9
11 11
14 14
37 37
0 0
35 5
16 16
5 5
11 10
21 28
22 13
34 15
4 4
40 36
2 4
21 21
36 34
36 34
26 15
5 4
7 7
37 16
14 14
28 20
22 22
4 4
0 0
20 9
14 14
4 0
36 19
1 1
37 13
10 13
19 19
34 1
19 14
35 35
32 10
22 10
22 21
14 14
10 11
14 0
19 34
25 34
7 7
26 8
1 1
32 9
11 36
3 34
7 7
37 41
15 15
34 28
21 22
13 13
13 13
21 21
21 22
10 10
17 17
34 30
21 21
17 35
20 21
5 14
10 1
22 28
7 7
5 35
26 13
1 1
11 10
22 26
34 0
9 5
15 34
16 16
4 4
32 21
7 7
9 9
13 10
0 0
0 0
1 9
0 1
4 5
15 15
4 4
14 14
17 17
37 37
16 34
11 11
14 14
36 3
34 35
36 1
0 13
13 25
21 29
16 22
15 15
25 14
1 39
36 19
13 11
19 19
36 4
4 4
21 21
7 4
11 10
37 37
37 7
13 11
7 7
10 10
16 16
15 15
11 11
10 10
11 11
1 15
11 11
4 4
14 14
14 14
14 14
6 36
13 13
14 14
10 13
11 36
14 14
20 34
36 4
11 13
10 22
4 14
17 21
34 38
34 14
15 15
15 15
21 1
7 7
21 21
4 0
34 14
4 10
19 36
21 21
4 10
10 13
36 10
15 36
19 19
0 7
10 10
5 11
14 14
36 14
1 4
27 36
36 1
24 36
4 14
4 26
7 1
24 38
2 2
20 20
14 14
26 21
4 5
34 15
1 39
4 4
23 16
10 10
7 7
7 7
15 36
16 16
10 10
1 1
36 16
1 4
15 29
10 10
36 27
10 10
35 0
5 7
21 21
14 14
4 13
37 36
4 4
38 17
36 21
3 1
20 20
8 4
15 35
17 17
1 1
9 15
0 0
13 13
11 15
4 13
1 10
8 26
1 1
15 36
15 36
17 17
10 22
21 21
14 14
9 35
8 26
14 34
36 36
19 19
36 10
0 5
15 15
28 13
22 22
17 17
34 25
15 29
22 22
36 20
40 22
21 21
23 29
11 10
4 0
37 37
14 14
20 20
7 7
40 40
38 7
37 40
26 26
36 10
7 7
19 38
0 7
22 36
32 36
14 38
0 0
36 17
0 26
36 28
14 11
35 15
36 9
35 7
36 36
20 20
7 7
8 13
26 4
36 0
21 15
4 5
10 36
14 14
10 10
4 26
15 15
7 7
3 36
7 1
14 14
4 5
8 36
36 0
7 7
16 16
19 19
14 36
21 4
36 13
7 7
9 25
4 36
21 21
9 36
14 14
14 34
17 17
34 37
0 7
28 6
22 36
10 10
21 21
36 23
4 8
4 13
14 15
22 22
0 4
3 0
20 21
34 7
13 25
8 8
14 14
36 7
1 1
26 0
13 13
17 17
14 14
13 11
32 21
2 36
10 25
36 4
16 16
10 19
7 7
38 9
10 10
10 36
21 26
11 9
13 13
37 8
1 0
23 36
19 23
36 15
7 0
10 10
0 0
38 14
15 17
26 8
21 21
17 36
0 7
34 4
4 5
21 21
4 4
34 16
1 39
36 13
35 4
15 11
35 35
14 14
6 21
37 37
14 14
0 0
21 28
13 13
35 15
7 0
1 1
15 4
36 36
5 5
13 13
35 38
21 35
5 13
8 15
7 7
34 14
10 4
22 28
7 7
34 9
34 19
28 21
3 3
1 7
4 4
3 4
1 1
4 4
14 14
14 21
26 15
0 0
36 3
13 1
13 13
0 4
38 36
19 22
5 36
4 4
5 34
36 37
0 0
11 11
22 22
32 10
21 21
21 25
36 36
37 40
13 2
15 26
14 14
10 10
37 34
14 14
22 32
34 19
7 7
10 5
13 11
17 17
36 13
10 10
7 7
36 1
5 35
7 4
36 15
5 4
36 7
0 38
1 1
14 21
4 11
14 14
37 14
25 7
19 19
7 7
0 4
35 15
13 4
21 21
7 7
14 36
2 2
6 11
34 4
35 38
36 36
14 14
7 7
7 7
6 38
4 25
11 9
31 1
36 2
34 35
14 14
11 11
36 28
17 17
22 22
35 4
10 10
36 8
4 4
7 4
16 16
6 4
22 8
7 7
4 4
17 17
10 7
10 13
36 36
35 16
4 7
4 5
21 21
3 3
14 36
4 5
36 4
26 11
1 7
9 9
7 36
36 13
17 17
10 7
23 36
14 36
4 0
17 17
36 34
16 16
10 10
13 13
37 31
4 9
38 1
14 14
20 22
34 17
20 21
36 4
8 9
40 35
8 15
11 13
37 36
11 11
14 19
4 4
36 13
4 4
21 32
21 21
39 1
2 10
4 0
19 19
6 23
8 37
10 11
7 15
21 21
30 4
4 4
17 17
4 4
35 38
10 10
36 0
19 4
6 34
10 11
10 10
26 14
4 2
8 4
4 4
7 7
25 13
7 38
4 34
14 14
21 36
19 5
32 32
19 19
26 20
4 4
1 25
22 23
17 36
4 4
37 4
35 20
36 1
19 19
5 5
21 21
36 39
7 7
14 14
1 21
15 15
5 36
15 15
34 7
17 36
14 0
40 35
24 26
40 20
13 13
4 4
0 4
14 14
24 24
5 4
32 21
23 15
5 7
4 23
4 13
4 4
37 11
10 10
14 14
8 36
4 4
14 14
24 36
10 13
10 10
8 4
9 13
6 6
7 7
20 32
32 21
10 10
35 9
4 4
1 15
16 36
15 1
14 14
4 3
13 35
15 38
7 24
4 38
38 9
38 4
36 7
15 15
13 10
4 14
13 13
15 15
4 4
22 21
4 4
21 22
4 4
22 21
4 10
14 14
34 5
14 14
8 8
20 26
35 35
35 0
21 20
15 34
34 19
36 15
32 19
20 16
36 26
16 34
26 4
36 2
15 34
21 28
16 16
34 4
28 36
1 4
36 15
7 14
8 6
21 14
36 1
7 7
17 17
26 14
20 21
37 36
20 20
32 17
0 0
7 0
1 26
36 19
36 16
35 2
21 21
7 7
34 36
14 5
14 14
5 4
11 10
23 1
1 36
16 16
1 36
4 4
16 16
36 31
11 26
7 7
21 32
37 40
3 5
4 14
16 16
1 1
35 36
21 21
13 13
14 14
31 36
22 22
15 15
1 36
7 7
14 14
36 14
1 36
36 36
32 14
10 2
9 9
5 17
32 32
9 14
7 1
11 11
0 4
22 10
26 22
21 21
8 34
0 7
21 22
21 21
19 10
34 36
34 13
34 1
14 4
34 40
36 21
16 34
16 16
0 0
38 11
13 36
26 34
17 17
0 0
8 15
13 12
36 4
19 21
0 34
25 4
14 14
37 36
1 36
0 0
19 21
4 13
4 34
36 7
13 8
11 37
36 1
11 13
34 15
25 10
14 14
2 2
0 7
13 10
7 0
14 14
16 16
4 1
25 21
0 0
21 36
7 7
36 36
20 22
25 4
1 1
35 4
4 11
21 19
20 10
13 10
34 5
4 4
14 14
11 15
36 21
13 13
5 5
35 22
37 37
14 14
1 1
13 10
36 4
16 16
14 14
0 7
14 14
9 9
32 20
17 17
36 2
7 7
14 34
4 36
16 34
25 4
14 36
0 7
7 36
22 21
37 36
36 40
17 17
14 14
23 23
21 34
32 4
36 28
36 32
19 36
16 20
11 12
19 19
10 3
4 8
26 9
37 37
1 35
17 17
35 22
19 19
4 4
10 10
7 1
10 4
14 14
1 1
20 15
36 11
4 36
21 21
34 4
4 15
4 4
7 7
9 36
4 34
28 28
9 36
7 0
26 15
4 4
19 19
36 6
11 11
9 26
4 4
21 22
26 23
21 22
0 4
14 36
4 0
1 1
36 9
2 36
9 9
8 8
14 14
13 4
16 16
19 36
22 22
34 21
7 14
17 17
4 4
32 19
7 7
4 5
4 4
17 32
10 10
1 1
13 13
4 4
36 21
38 36
14 14
4 4
34 15
14 14
38 9
19 19
21 21
7 7
1 1
5 8
10 13
4 4
19 19
26 2
7 7
13 9
10 4
14 14
15 15
34 36
14 14
36 13
7 37
0 4
14 14
13 11
10 22
36 2
17 7
4 4
4 5
7 7
10 36
13 22
37 36
25 25
4 4
4 4
4 4
7 7
7 7
36 1
21 21
34 0
10 38
4 4
20 20
4 0
1 1
7 7
14 14
36 36
21 21
22 22
37 36
4 5
24 34
34 37
4 4
13 10
14 14
36 36
26 40
15 37
15 26
36 40
4 13
14 0
34 10
0 0
19 19
28 37
15 15
13 4
9 9
14 23
4 21
14 19
22 21
1 1
14 14
15 15
36 1
0 5
14 14
4 4
21 20
10 20
36 35
22 22
4 4
35 10
8 1
9 38
8 25
7 7
10 10
11 11
14 14
9 15
14 14
28 13
0 13
20 35
20 13
1 10
1 1
17 17
36 5
36 23
34 34
22 25
4 4
0 35
27 10
4 4
20 12
17 17
22 21
7 1
32 17
15 36
13 38
2 34
21 21
15 15
10 36
8 22
17 17
22 22
34 36
5 25
23 14
8 22
10 2
26 21
4 4
4 1
10 10
7 7
15 15
1 1
14 14
19 36
1 1
9 23
26 22
36 11
10 10
28 22
36 37
11 13
36 6
11 15
3 4
7 7
5 22
0 25
4 4
23 13
5 4
37 4
36 4
35 1
16 16
34 22
14 35
34 34
9 34
0 0
14 14
11 10
4 4
15 15
5 4
21 36
15 36
7 7
37 36
15 15
36 16
5 34
7 34
4 4
1 1
4 4
27 8
11 4
11 10
21 3
14 14
21 19
17 17
25 21
10 10
14 14
4 4
8 10
21 21
17 17
37 37
16 35
17 17
17 17
7 35
6 1
7 7
13 13
8 15
4 11
19 19
40 25
14 14
17 17
14 14
10 10
14 14
39 14
15 9
13 13
16 16
25 6
17 28
27 36
4 36
5 5
4 20
0 0
4 34
1 1
40 7
21 20
4 4
1 2
14 14
4 7
15 21
14 14
15 26
22 35
17 17
36 1
11 13
11 13
35 14
19 19
0 7
21 21
21 21
36 5
14 14
5 4
1 1
17 17
14 14
7 7
10 10
14 14
14 14
14 14
4 0
16 35
22 21
36 7
36 5
2 2
4 0
34 25
14 14
15 36
36 14
1 9
4 13
21 22
1 1
3 6
4 4
5 4
36 25
37 35
5 4
0 4
16 16
14 14
20 22
6 13
36 39
11 11
38 8
36 23
19 34
7 7
4 4
36 14
13 6
15 15
7 0
1 1
28 21
7 7
15 4
10 10
4 4
21 21
14 14
9 6
14 14
13 22
36 5
26 23
4 4
10 10
26 11
14 34
10 10
4 1
21 21
4 20
14 14
9 15
14 14
14 15
15 15
14 14
36 34
9 9
34 4
16 16
21 21
26 14
23 23
28 22
17 17
6 4
4 4
0 0
16 16
15 35
14 14
23 23
5 4
35 34
4 40
10 22
15 36
4 4
26 20
26 15
38 38
22 21
4 14
25 23
17 17
19 35
34 5
5 5
17 3
10 4
4 0
1 36
0 0
36 3
26 11
1 1
16 16
13 14
15 15
4 4
7 7
35 2
9 9
6 10
36 36
9 38
0 4
10 10
15 15
37 14
14 14
38 34
16 36
10 10
37 36
36 4
3 4
15 15
22 10
2 9
0 1
10 10
13 11
36 1
14 14
36 7
11 11
14 14
38 15
35 13
6 0
4 5
21 25
16 16
35 19
36 4
36 7
0 0
2 2
15 26
10 12
17 17
34 20
22 13
32 32
7 7
4 5
4 10
7 0
28 21
32 25
4 5
3 10
0 0
36 11
34 36
22 29
16 15
19 34
12 22
0 6
10 11
1 14
10 10
1 36
0 7
28 22
36 11
15 15
25 0
11 4
7 4
8 8
36 13
35 36
21 28
14 14
7 4
36 36
36 36
11 13
4 4
7 7
25 9
11 11
10 13
34 6
13 13
20 22
10 26
32 21
34 4
1 1
10 10
16 16
10 22
1 36
4 11
19 19
1 7
4 4
20 6
10 10
22 21
35 1
22 28
4 4
14 14
15 1
19 21
11 14
21 21
4 36
21 21
7 7
34 23
34 17
36 7
5 3
35 1
4 4
36 36
7 7
14 34
14 14
1 15
32 0
0 5
29 15
4 35
0 7
7 15
17 17
17 35
4 34
17 16
19 19
14 14
23 36
36 1
4 0
23 7
0 0
11 17
21 22
10 13
9 9
7 1
0 14
14 36
20 20
4 4
5 36
4 35
4 25
0 0
26 23
22 10
10 36
8 4
15 34
13 14
13 13
16 16
4 4
1 1
0 7
26 26
36 39
1 19
16 14
11 11
16 37
38 16
1 36
9 26
28 24
12 35
8 4
4 4
1 1
5 5
21 21
17 17
37 37
14 14
21 21
36 21
25 21
22 25
16 16
25 10
35 13
11 11
19 23
27 35
0 0
26 19
21 20
17 17
40 6
5 5
10 10
21 22
25 29
36 4
34 36
0 0
6 13
21 21
26 23
0 4
38 38
22 22
16 36
11 36
11 13
15 34
37 2
15 34
8 29
4 35
38 16
17 17
17 17
13 35
4 14
7 4
17 17
13 13
22 21
4 25
4 4
13 28
19 19
4 14
36 36
21 28
27 34
1 1
34 34
36 27
35 34
37 36
1 36
5 14
35 0
15 38
4 5
10 10
37 10
11 36
4 4
10 10
34 8
14 14
15 15
17 17
34 5
7 7
34 13
11 11
3 34
36 26
36 14
16 16
19 17
0 11
4 4
7 7
1 13
25 4
24 35
14 14
20 10
37 37
9 6
36 37
26 37
20 13
14 14
5 4
21 21
21 37
3 0
16 10
36 13
21 32
36 23
8 36
31 15
25 19
14 14
21 38
15 35
36 4
9 20
21 21
4 4
7 7
1 15
34 30
35 15
14 14
37 37
4 4
5 2
7 7
5 16
1 1
14 14
21 4
34 17
11 10
36 14
19 4
7 7
26 4
21 21
19 19
36 9
14 14
36 21
6 26
8 15
1 40
36 14
0 0
20 10
13 35
20 34
14 13
21 20
35 17
2 35
10 10
36 19
17 25
10 10
36 23
38 1
9 1
21 25
10 10
14 14
26 19
30 34
37 11
9 36
28 36
5 4
36 13
34 14
38 9
14 15
0 4
21 5
15 34
4 4
22 10
14 14
10 4
4 34
7 7
17 17
14 13
7 7
26 15
14 14
14 14
36 13
0 0
9 36
10 4
7 7
13 11
35 16
19 36
7 7
14 14
3 5
0 0
21 1
10 20
20 37
23 38
26 13
19 35
4 0
3 4
14 14
4 7
36 1
36 1
19 26
21 32
5 3
1 1
7 0
4 5
13 13
4 26
9 22
14 36
15 8
7 7
8 36
15 15
28 19
0 9
13 13
36 4
10 10
36 36
4 5
4 0
22 17
11 11
15 36
13 10
14 1
14 14
15 15
5 3
14 14
36 8
6 38
21 21
0 4
16 17
36 40
15 35
0 4
21 21
13 11
32 36
10 13
21 21
11 11
19 26
9 9
23 0
36 15
5 36
38 1
36 40
19 32
14 34
21 21
38 9
1 36
0 0
37 23
26 23
27 34
21 10
36 4
1 2
22 22
23 23
15 4
5 21
25 21
11 14
4 16
4 4
4 4
26 36
7 7
14 25
36 24
36 36
14 14
1 1
16 16
7 7
14 7
32 34
13 11
5 4
26 4
4 4
19 26
19 36
34 4
4 4
14 14
7 0
34 17
0 0
10 10
36 11
11 10
1 1
4 23
15 5
4 36
14 14
9 38
14 25
35 27
21 32
26 15
36 1
19 35
7 14
13 14
0 0
37 37
10 11
4 10
1 13
36 5
21 19
5 5
14 14
10 10
21 32
15 15
35 14
19 32
36 38
36 14
21 21
15 14
36 4
36 13
36 10
3 37
16 13
36 20
4 14
5 4
21 21
31 9
4 8
10 25
22 11
25 21
4 35
36 17
3 4
14 27
12 12
7 7
4 5
15 36
9 22
23 36
7 4
39 1
0 7
14 14
14 14
7 4
40 17
15 29
11 4
14 14
0 0
4 26
19 36
3 36
12 4
38 13
4 0
34 4
14 14
37 37
7 7
22 21
13 13
31 34
4 1
17 17
4 4
4 4
25 14
1 1
7 7
4 4
0 7
4 10
38 1
21 10
0 6
4 4
17 20
13 13
14 14
11 10
1 1
13 4
36 19
1 1
14 14
23 1
10 10
34 10
15 15
36 19
37 37
7 5
4 4
1 4
10 11
4 4
4 7
5 4
5 26
4 0
38 38
4 14
38 15
36 0
38 34
17 17
15 36
14 14
0 0
37 2
0 0
17 17
1 1
37 36
4 7
8 1
4 10
14 14
13 13
36 23
16 16
4 4
4 17
17 17
36 23
7 26
34 4
4 5
17 17
28 36
4 4
37 4
14 14
36 36
11 11
36 2
10 10
9 34
37 4
14 14
5 14
36 11
10 10
15 15
10 10
2 2
4 4
10 5
10 36
36 19
37 20
4 4
5 5
4 11
17 17
14 36
15 15
25 1
37 37
1 34
14 14
26 35
8 8
36 17
37 4
7 36
36 4
14 36
36 7
14 36
36 36
8 22
20 23
10 10
5 13
36 21
15 36
34 19
7 7
14 34
7 0
17 17
27 27
36 10
1 1
7 7
21 17
5 3
34 14
34 24
8 8
17 17
35 21
19 37
4 4
36 15
4 4
14 14
36 3
34 30
17 17
16 16
34 32
4 36
34 15
4 4
34 23
4 0
15 15
4 0
12 13
11 5
13 4
14 5
12 4
36 34
14 13
21 22
11 11
25 20
7 23
30 30
17 17
7 7
3 4
9 9
21 21
10 21
36 22
34 34
0 6
38 24
22 28
4 4
21 21
4 4
28 17
36 6
11 11
36 13
36 20
36 19
36 12
2 13
14 14
10 10
5 37
17 17
23 23
36 24
15 15
4 14
20 36
14 36
7 1
15 35
38 36
36 19
14 7
9 26
10 13
19 15
17 17
36 12
2 3
4 4
4 36
14 14
15 1
0 4
26 17
8 36
1 1
1 1
21 21
36 7
15 17
22 21
13 13
21 32
35 20
17 17
7 4
3 3
14 14
22 21
10 10
19 36
4 4
21 21
21 21
7 7
10 35
9 17
21 14
1 13
7 23
0 7
7 36
20 17
4 4
21 21
37 8
6 6
37 37
36 10
19 6
23 23
22 20
4 5
34 15
21 22
11 13
35 38
21 25
14 14
38 38
7 7
36 23
8 6
36 22
36 34
29 1
11 11
11 1
26 8
34 34
36 36
25 28
14 14
36 15
1 21
2 13
26 11
14 14
16 4
7 7
36 34
32 14
3 0
4 4
19 34
23 10
15 8
11 11
38 5
15 25
1 15
14 14
5 1
4 10
28 21
8 8
19 32
17 32
11 11
4 1
5 25
7 0
6 36
5 10
19 15
19 36
6 9
21 34
7 7
13 13
14 14
19 19
14 14
14 14
4 0
15 15
14 14
19 21
36 36
21 21
0 0
1 15
25 34
13 4
4 14
14 15
20 17
36 1
36 36
3 0
4 4
6 7
34 8
36 10
7 0
36 37
0 7
13 5
20 10
5 5
19 19
10 10
11 5
10 12
10 36
17 26
15 15
14 14
9 15
4 4
37 16
28 34
4 13
9 36
36 20
1 1
23 37
11 4
35 20
4 13
36 4
1 4
13 13
14 14
11 13
4 4
10 8
15 20
16 16
6 6
16 20
0 0
36 7
35 4
4 4
13 10
7 4
35 1
36 35
4 26
34 4
28 36
21 21
36 28
7 7
14 19
21 21
0 7
23 26
26 4
22 4
36 4
0 4
7 7
14 35
19 19
9 9
23 34
15 36
5 14
21 21
26 4
4 4
7 7
34 36
14 14
0 4
0 0
36 15
27 4
11 36
30 30
8 10
8 26
4 4
35 35
26 14
1 25
7 7
4 6
36 15
4 5
4 4
13 13
9 9
4 4
14 14
36 36
15 34
8 38
15 9
5 36
7 7
1 36
32 0
14 23
10 13
21 22
11 11
36 10
19 35
28 8
11 11
14 14
34 14
4 11
26 13
34 1
13 10
26 7
3 1
0 7
37 11
21 19
20 6
21 22
14 14
14 14
1 13
19 19
23 22
6 2
9 9
36 4
10 13
4 13
17 17
19 6
36 15
17 9
28 36
36 4
17 4
13 13
15 4
12 36
36 10
7 36
13 13
36 10
4 27
4 4
37 16
26 13
13 13
15 15
11 11
38 38
7 5
36 27
1 1
35 35
36 1
29 13
14 14
9 4
0 0
1 24
36 15
36 4
19 36
4 7
9 9
16 16
1 26
14 14
15 8
5 5
4 4
0 7
4 4
21 21
10 10
7 7
13 25
35 22
32 15
4 4
4 4
7 14
11 11
0 0
28 36
21 21
15 9
35 35
15 1
0 32
34 23
4 4
4 0
0 0
7 7
35 34
35 38
36 4
36 4
8 8
34 11
36 28
36 16
38 9
4 35
25 1
15 29
26 7
13 13
15 15
4 4
37 13
15 36
21 21
5 5
13 13
8 36
21 21
0 1
0 0
38 6
4 4
4 4
14 14
36 1
8 4
4 5
1 36
19 19
27 36
23 1
1 3
19 19
36 34
14 14
27 7
5 4
34 34
5 5
21 21
37 0
38 5
4 7
36 9
10 11
4 4
0 4
19 10
22 28
5 0
22 25
19 36
9 30
11 7
4 4
0 4
2 2
5 4
36 36
34 15
7 7
35 40
4 4
7 0
15 14
12 36
7 7
34 36
4 34
21 21
36 37
9 36
10 13
15 1
3 1
36 16
36 7
10 10
13 13
20 9
10 4
10 10
22 37
14 14
7 1
13 13
0 4
22 22
4 4
6 9
14 4
4 0
36 23
12 11
16 16
5 4
35 12
27 14
25 22
21 21
5 4
19 19
35 1
9 9
35 15
4 35
1 1
11 11
34 23
36 0
14 14
26 15
36 37
7 7
25 28
31 38
36 23
1 1
21 21
1 1
4 4
34 4
0 0
35 40
17 17
28 28
14 14
6 9
36 21
14 14
2 36
15 36
4 4
13 13
1 1
0 1
9 9
21 21
32 21
32 9
10 10
14 14
36 7
4 5
11 26
7 7
36 19
13 20
13 22
11 10
37 36
5 5
4 4
17 17
34 35
15 15
10 11
14 38
34 31
23 34
15 36
15 36
1 1
11 10
4 37
36 1
4 11
28 22
14 14
14 14
36 9
13 13
10 36
9 17
36 34
10 10
14 14
8 15
4 4
11 4
