21 21
25 13
14 14
38 8
19 19
10 10
25 4
10 36
15 15
35 4
34 3
4 4
28 21
13 13
4 0
21 21
38 15
40 36
36 24
13 13
21 21
4 5
0 4
17 19
14 14
8 28
0 35
0 0
36 21
20 20
36 11
14 14
7 25
36 36
1 34
17 17
4 4
36 35
15 25
11 11
29 8
36 24
7 7
4 4
9 21
36 15
15 15
15 14
3 13
4 4
36 13
35 10
21 21
23 23
17 17
36 4
38 36
15 15
16 16
36 36
16 35
13 8
1 15
20 35
34 4
1 1
25 14
4 4
21 14
4 36
22 21
38 14
36 27
7 7
21 21
15 15
1 4
4 4
4 4
4 4
3 10
19 14
21 21
10 36
36 1
2 1
7 7
15 15
1 34
11 2
36 14
4 4
36 4
14 14
5 5
1 7
36 7
2 37
0 4
14 14
36 13
20 34
39 35
13 7
5 4
36 1
32 21
4 4
1 36
4 3
1 15
28 25
11 4
19 19
40 4
19 19
4 4
11 11
4 4
7 7
15 15
5 5
4 26
20 21
36 14
4 19
36 19
4 35
4 0
4 0
1 1
1 14
4 35
2 35
22 36
6 23
23 36
4 10
1 1
6 36
4 16
20 19
14 14
14 14
5 14
36 11
14 14
34 17
21 21
21 21
13 0
36 15
38 38
28 36
14 14
21 25
15 35
17 34
38 23
5 4
34 32
13 10
19 19
36 19
14 14
5 5
4 4
36 37
14 14
15 1
10 10
7 7
13 10
4 36
14 14
21 4
36 35
13 26
32 21
13 13
4 4
10 10
26 11
14 14
14 14
35 36
4 36
34 5
35 4
10 3
15 34
13 40
1 41
26 17
26 17
10 1
7 15
17 17
19 31
14 14
16 17
0 4
36 19
21 32
4 4
4 25
14 14
11 5
36 15
9 34
20 36
4 4
10 10
7 7
4 3
14 14
4 4
7 1
34 35
17 17
15 7
36 1
20 26
14 14
4 4
10 21
1 1
36 13
5 5
1 36
11 10
9 21
4 3
0 0
23 34
5 36
21 20
2 36
34 40
26 15
0 0
35 9
5 36
36 36
21 21
4 4
21 21
17 17
7 7
0 0
36 15
34 9
11 11
38 23
9 13
14 14
1 39
19 19
20 20
15 13
5 4
1 1
26 9
36 22
14 14
36 14
4 4
24 28
8 8
26 0
21 21
36 36
8 10
4 4
22 19
21 4
13 4
3 4
4 22
6 1
4 13
10 11
0 4
34 34
5 19
15 1
36 36
16 16
14 36
35 22
15 15
36 37
4 25
4 4
11 13
21 22
23 36
35 28
35 36
4 4
4 5
23 15
23 38
23 26
21 22
4 26
36 26
4 36
26 15
37 19
17 25
4 5
14 14
27 21
38 9
15 11
25 4
25 4
15 36
7 5
14 1
14 14
16 36
14 14
8 15
10 10
17 17
37 34
25 15
36 36
16 37
16 16
6 4
10 10
4 14
4 4
31 38
3 3
10 10
4 11
14 14
11 11
3 35
13 6
15 15
21 21
20 36
8 34
16 6
34 27
17 17
0 0
36 9
4 4
35 21
15 15
4 28
7 7
28 14
4 4
34 4
4 7
4 10
20 28
0 7
20 15
34 4
36 15
16 21
13 13
23 36
19 19
13 10
11 34
28 32
34 4
26 26
22 20
9 29
15 14
0 15
36 4
0 0
14 14
35 38
10 36
4 4
38 5
4 1
7 7
19 19
4 19
4 21
14 14
14 39
0 4
23 36
26 19
4 1
36 2
36 10
22 22
21 32
21 21
10 10
9 9
15 15
1 36
4 4
9 15
21 21
4 34
11 11
8 8
7 7
0 4
13 0
36 3
14 14
10 10
14 14
2 15
13 11
16 16
0 26
13 13
1 1
14 14
7 7
14 35
11 11
4 5
10 10
38 35
36 19
0 7
20 13
13 22
0 37
14 14
14 14
0 26
4 34
4 4
1 1
14 14
8 19
7 7
7 34
0 0
22 21
14 6
5 34
9 34
14 14
4 6
0 37
13 13
11 10
17 17
21 21
10 13
35 4
14 19
36 10
25 20
23 36
35 35
26 14
36 22
9 16
4 4
4 19
36 5
1 1
38 27
23 1
15 9
16 34
0 0
1 1
21 22
14 14
36 11
36 13
0 0
20 20
17 17
36 19
5 4
15 9
22 22
21 20
14 14
0 7
6 36
28 22
13 13
5 4
15 9
2 29
25 7
26 0
36 15
7 7
21 21
0 1
38 14
7 7
1 15
11 26
36 8
15 1
4 4
1 1
25 10
36 37
7 24
1 14
22 10
1 34
36 4
11 13
13 10
15 4
14 14
31 36
14 14
14 14
14 14
16 16
17 17
36 16
6 10
36 16
13 11
36 4
14 14
31 36
19 19
10 2
32 23
31 36
4 36
4 36
5 13
7 7
10 1
38 5
14 14
36 16
4 0
20 22
4 4
24 37
2 36
13 36
16 16
11 11
5 5
40 23
34 1
11 11
37 10
28 32
36 21
9 9
10 10
36 10
36 1
10 36
4 4
36 29
38 14
5 5
34 21
11 10
4 0
11 11
7 7
21 16
14 36
10 26
23 34
36 30
36 38
14 14
1 0
14 36
16 4
14 14
22 13
8 8
16 15
21 36
1 1
4 4
1 31
4 4
1 1
36 13
8 8
32 36
36 6
4 26
4 4
0 0
28 11
22 20
13 11
11 10
36 36
1 1
23 34
23 36
4 4
10 10
14 14
4 4
10 12
4 15
0 1
22 22
11 14
0 0
38 9
36 15
21 21
7 7
0 0
7 7
5 5
0 36
34 13
1 1
21 32
14 14
2 13
12 11
13 10
9 15
23 38
19 19
22 20
14 7
20 1
9 35
14 14
1 1
6 6
38 39
21 21
21 37
4 4
9 15
14 14
14 34
10 11
15 11
4 5
14 14
38 10
4 37
15 35
1 1
40 13
4 11
4 13
19 19
15 35
5 4
4 4
9 9
14 14
28 28
13 13
6 38
1 1
17 17
13 4
34 36
36 26
0 5
9 8
23 9
28 34
14 14
1 1
0 0
5 4
7 7
22 21
4 5
4 4
14 14
36 19
1 15
36 34
20 9
1 14
5 4
0 4
17 19
10 10
4 14
13 11
7 7
4 4
4 13
35 27
15 8
17 17
15 36
11 11
31 1
10 10
17 17
22 13
26 21
1 1
3 35
36 36
22 21
6 20
14 14
15 15
6 0
36 4
1 1
7 26
13 9
14 14
21 22
11 36
14 14
14 14
15 15
7 7
7 7
14 14
4 8
1 1
36 10
14 14
4 11
4 14
17 17
15 14
14 15
28 19
11 11
5 0
0 0
34 37
15 14
4 34
4 4
7 3
4 1
38 26
39 1
11 4
36 11
38 9
36 5
1 1
14 14
4 10
19 20
7 14
14 14
26 35
13 19
28 21
15 15
36 36
36 21
36 37
39 39
28 19
37 40
1 1
7 6
4 20
36 34
25 4
36 6
14 14
5 5
20 21
36 36
15 40
36 7
13 11
36 9
14 19
41 15
26 19
8 26
8 8
14 14
36 4
11 15
20 20
34 10
16 16
0 0
15 21
14 14
17 17
4 4
0 0
21 34
16 26
11 10
36 4
7 7
5 26
11 13
35 6
37 37
25 9
22 10
39 2
0 0
34 38
40 36
24 35
8 8
7 7
36 36
20 13
10 10
20 11
16 16
21 21
14 36
36 7
8 4
4 36
14 14
22 21
38 14
19 15
14 4
32 22
25 1
9 34
10 20
14 14
10 20
13 10
21 15
0 7
35 36
36 32
13 4
20 21
15 14
35 35
4 4
21 21
2 0
16 4
20 2
10 10
26 0
21 21
17 17
14 14
7 7
35 16
10 4
6 4
4 5
19 21
11 4
15 15
14 14
16 36
32 17
28 1
14 14
36 8
7 7
38 4
14 14
13 26
13 10
36 36
21 26
7 7
14 14
17 17
9 9
34 4
14 14
7 25
35 19
4 38
17 17
5 4
36 7
1 14
36 36
36 19
19 19
36 15
21 21
21 21
36 0
5 34
38 29
36 11
21 22
37 21
23 15
32 21
4 7
6 6
15 15
9 36
34 34
34 14
1 0
22 21
14 14
21 4
21 34
2 36
28 21
36 14
22 34
35 10
7 7
15 12
22 22
26 9
6 9
5 4
1 34
4 4
0 0
4 3
7 1
21 20
1 36
26 21
35 7
7 7
21 14
15 29
15 15
7 7
1 1
14 14
37 37
14 4
1 10
34 16
36 21
7 7
32 0
36 15
35 0
17 17
1 36
36 4
37 37
15 25
23 17
30 30
17 17
32 12
28 32
15 15
21 36
4 4
13 4
7 7
9 9
34 8
21 20
7 7
40 32
21 21
5 36
19 26
21 21
10 13
15 15
15 10
4 4
34 19
20 16
26 13
4 35
4 0
10 34
36 13
19 19
17 34
13 35
0 0
25 4
1 39
36 36
14 14
36 36
14 37
36 4
1 4
36 1
25 1
13 10
14 14
36 3
20 4
4 17
22 28
17 21
11 15
13 10
14 14
1 9
14 14
4 6
36 32
8 16
7 7
9 5
2 11
4 4
20 10
14 14
4 4
20 21
25 7
3 3
3 13
36 25
1 36
14 31
35 1
32 14
14 14
38 7
2 4
4 4
34 1
4 37
14 14
10 4
7 7
10 14
35 17
4 35
5 4
26 26
0 7
8 8
4 20
21 28
19 19
17 17
7 7
11 1
10 10
7 0
34 22
2 8
35 19
19 14
23 4
4 14
20 36
5 4
10 10
14 40
14 14
15 15
35 35
13 13
14 14
1 15
21 21
34 13
14 14
14 14
17 17
10 11
35 36
7 7
4 4
4 0
20 36
13 11
36 36
31 19
34 8
8 36
5 7
13 32
20 19
38 16
10 9
10 13
11 11
14 14
17 17
0 0
25 14
10 10
4 14
11 11
21 22
2 36
22 14
1 1
7 7
28 22
9 9
36 16
36 9
14 14
25 13
37 15
14 14
22 36
4 36
4 14
4 4
39 2
28 36
38 16
5 5
10 10
25 25
15 15
10 11
15 15
15 34
3 5
21 21
4 0
36 3
10 10
15 36
15 4
14 14
23 36
36 37
10 10
21 21
1 26
14 39
7 7
4 4
9 26
9 36
3 26
36 37
0 7
20 4
17 36
36 4
13 13
7 7
38 21
13 26
14 14
7 7
20 21
1 4
15 15
4 19
1 26
1 7
15 38
36 6
0 25
7 7
14 14
10 22
36 15
19 19
7 7
27 14
4 4
17 17
31 36
0 4
4 5
17 17
38 10
1 15
4 4
17 17
37 26
14 14
4 39
4 7
11 11
26 1
13 14
4 37
11 13
36 4
4 5
5 1
4 4
0 14
34 8
17 35
14 36
8 38
14 14
17 17
14 36
17 17
19 21
8 10
10 10
4 4
10 13
1 15
11 11
8 36
17 17
4 4
14 14
15 36
13 36
36 31
7 0
6 1
15 34
36 7
11 13
14 6
22 20
32 21
4 8
17 34
19 19
4 36
6 21
4 4
4 9
10 10
36 14
14 14
15 36
0 7
19 21
4 13
10 27
36 0
11 10
7 7
25 4
5 4
14 14
4 4
15 4
36 4
14 21
4 5
36 1
21 21
34 20
10 4
10 36
14 14
6 7
13 13
5 5
34 1
17 34
36 14
0 7
9 11
16 16
13 10
4 4
1 36
10 25
37 8
11 13
19 36
20 32
14 14
11 36
12 36
4 0
9 34
21 36
34 34
10 10
7 7
10 10
4 25
4 36
20 10
26 21
15 21
0 0
19 36
10 26
4 5
29 15
34 41
16 16
35 15
5 1
4 35
5 13
19 19
0 0
15 15
2 36
4 0
2 4
6 38
36 8
14 14
36 35
4 8
4 4
8 25
13 13
25 21
36 5
34 38
21 14
8 36
0 4
19 19
4 34
4 4
15 8
16 16
0 4
8 4
9 26
19 19
37 15
4 4
13 13
38 1
1 1
8 8
20 21
10 14
10 13
15 15
21 21
23 6
36 31
14 2
17 17
22 4
15 38
14 36
1 34
13 11
14 14
17 17
22 22
14 14
36 21
8 36
9 9
34 34
4 5
9 38
36 36
35 20
14 14
22 23
21 22
1 1
15 15
16 16
20 25
34 13
17 26
1 1
11 11
26 34
13 7
14 14
14 14
35 15
21 21
13 13
22 1
1 1
32 15
36 27
7 7
23 23
36 11
14 8
10 14
3 7
14 14
26 9
15 15
21 28
13 10
14 14
22 0
21 4
21 21
7 2
14 35
14 15
22 21
19 21
7 7
17 17
5 4
16 38
34 36
15 15
14 14
29 15
21 28
26 7
5 5
26 1
7 4
4 4
14 14
38 25
7 37
16 38
4 25
22 22
16 16
19 19
16 16
36 1
25 5
26 21
38 37
0 0
4 4
9 22
0 0
4 4
1 1
36 37
6 6
13 4
15 15
9 20
14 14
21 22
21 21
10 4
8 11
10 10
29 36
26 24
14 36
36 12
36 37
25 23
19 20
0 0
37 37
16 9
21 21
15 34
36 10
0 0
2 5
6 7
20 9
4 8
4 4
6 7
14 14
32 21
11 10
21 21
0 5
36 14
36 11
10 11
7 0
34 1
1 26
28 22
13 10
36 3
1 15
4 4
16 16
37 37
17 17
35 4
17 13
11 11
15 9
20 20
13 8
21 21
14 14
35 15
10 7
14 10
36 4
15 15
10 10
23 1
36 37
14 14
21 21
4 4
34 4
32 13
37 36
12 10
14 14
35 34
4 4
14 14
4 39
21 21
14 14
7 5
14 35
6 36
34 35
7 7
11 11
14 14
11 4
35 19
26 38
7 7
1 6
19 14
15 1
21 20
10 10
7 23
36 36
0 0
39 4
34 11
35 27
15 15
22 22
1 3
27 6
5 36
15 8
32 9
15 15
36 38
36 20
4 4
4 4
26 22
1 36
11 13
21 22
21 22
36 35
21 21
36 13
21 21
14 25
34 15
1 36
32 17
36 8
9 40
21 26
26 10
14 14
22 15
20 10
21 28
37 35
21 21
11 36
36 15
25 25
35 36
5 4
10 10
0 7
15 15
10 10
14 34
15 34
14 14
36 11
4 36
10 4
23 38
37 36
36 10
21 28
13 10
13 13
21 32
11 11
14 14
0 0
38 27
17 36
34 1
1 1
27 36
25 17
28 4
1 1
25 21
8 8
10 15
10 35
7 4
4 7
4 0
17 17
19 5
1 7
4 4
19 19
14 14
7 1
36 26
3 1
16 16
21 21
15 15
35 30
34 26
9 13
4 11
2 9
4 26
35 22
0 0
15 29
1 1
36 36
21 21
4 7
1 36
36 1
36 15
29 8
9 36
10 11
9 9
21 21
35 13
15 36
10 1
7 5
13 38
20 13
6 10
0 36
1 1
16 36
36 15
9 9
36 19
37 35
8 9
36 36
26 23
28 36
14 14
14 36
11 4
23 1
34 12
36 38
1 1
7 7
8 8
21 20
13 10
21 36
1 1
5 5
22 25
25 25
4 0
25 25
21 21
34 4
19 19
1 1
14 14
36 13
15 36
36 20
21 21
36 15
35 14
19 34
13 11
15 15
14 14
21 21
36 36
2 34
20 22
21 28
29 15
21 15
4 10
8 38
25 1
17 37
4 35
7 0
4 2
14 4
0 0
36 4
14 14
14 4
34 24
7 7
23 23
32 14
3 1
37 37
9 9
13 11
38 21
0 1
36 21
4 4
14 14
15 36
7 7
5 5
4 21
28 28
8 15
0 0
25 13
38 4
36 4
26 9
23 35
22 21
34 17
4 4
4 1
7 7
36 1
14 34
4 11
21 20
25 22
0 0
1 35
5 1
21 21
19 37
23 10
36 11
14 14
22 21
7 0
26 14
10 10
36 15
4 10
15 15
14 14
10 4
36 36
36 10
35 14
7 36
26 17
26 17
15 15
13 36
17 16
19 36
32 15
12 20
29 7
13 11
11 13
7 0
7 7
14 35
21 21
21 22
4 14
21 21
21 35
19 14
34 38
13 10
17 17
26 23
4 0
15 26
3 5
10 11
14 0
35 11
4 4
4 7
22 21
15 15
4 0
36 14
4 5
10 4
28 20
26 26
0 1
4 4
31 11
11 37
32 20
23 9
14 14
36 3
7 36
7 7
14 14
35 36
1 1
23 36
5 7
0 0
17 32
14 14
26 26
25 16
21 36
4 14
4 4
4 34
9 9
17 25
26 9
0 4
10 35
7 0
32 34
7 36
26 10
20 13
23 1
4 4
5 4
13 36
15 35
13 36
36 14
25 19
5 5
15 15
19 37
36 4
21 21
4 4
13 13
25 14
21 21
9 35
1 1
22 19
16 36
14 14
4 5
17 17
8 36
10 4
35 4
4 19
23 25
4 5
14 14
40 36
15 34
15 35
21 22
4 4
4 25
32 32
19 41
19 28
0 4
36 15
10 11
16 16
9 15
15 1
31 11
3 5
36 15
20 22
37 21
36 36
27 13
22 22
4 3
7 4
14 14
23 35
36 18
0 0
0 7
14 9
14 14
4 8
19 19
7 7
6 3
4 36
36 36
1 1
9 25
5 0
9 9
25 5
21 22
5 5
20 13
36 13
5 25
1 1
20 20
15 15
3 3
14 20
1 17
4 4
11 11
23 26
14 14
36 21
4 4
11 36
22 21
35 1
5 36
20 9
4 4
8 36
22 21
38 4
21 21
21 22
10 10
7 7
4 4
37 14
22 28
6 37
20 14
9 26
4 5
13 10
35 19
0 16
19 17
17 17
4 0
36 4
36 14
14 14
6 4
7 4
9 9
31 37
4 4
13 10
7 1
36 15
35 38
13 35
32 36
10 15
11 4
17 17
4 34
16 5
15 10
36 20
13 10
17 21
11 11
6 4
14 14
1 1
10 13
32 21
0 0
7 2
22 21
31 31
17 17
13 13
38 35
11 11
9 35
32 21
11 10
21 32
36 4
15 25
9 14
16 16
17 3
28 22
0 0
10 17
10 10
15 10
36 4
10 11
11 22
36 23
11 11
13 37
4 4
4 11
36 3
6 36
36 14
17 17
3 2
14 14
36 23
0 14
14 37
7 36
16 34
20 28
7 0
10 10
4 4
6 13
4 4
40 6
36 9
34 16
21 22
1 34
2 2
21 21
16 16
0 1
38 16
11 11
12 34
26 1
35 35
14 14
11 11
7 36
21 21
14 14
14 14
4 11
10 4
19 35
13 22
36 36
14 14
36 3
13 4
14 14
21 21
17 17
32 22
34 36
19 19
14 14
4 15
11 11
22 22
4 4
14 4
21 21
7 7
10 13
10 6
4 4
7 7
21 21
7 1
13 3
11 11
4 4
14 14
14 14
10 37
38 2
9 6
38 11
14 14
37 7
4 11
11 25
11 10
7 0
4 14
5 35
13 10
8 13
37 36
1 36
1 11
22 20
14 14
7 26
32 37
4 4
3 36
21 11
16 35
14 14
36 4
13 2
7 4
20 9
21 21
10 13
16 17
15 36
8 4
34 1
12 10
14 39
19 35
11 36
4 4
2 2
21 21
14 14
34 4
22 21
34 20
1 14
4 3
39 1
15 15
19 19
13 4
15 15
38 19
7 7
21 21
25 36
37 15
14 14
21 21
34 4
21 21
34 0
9 8
8 38
14 14
22 21
0 0
4 4
1 26
11 38
17 17
17 17
0 0
0 0
7 7
40 14
9 2
22 28
21 28
22 10
20 22
5 4
36 36
11 4
10 34
7 7
8 8
0 0
36 12
12 10
7 37
20 9
19 19
2 2
26 14
36 22
10 13
14 14
34 1
34 11
14 14
28 37
11 36
10 36
20 10
0 0
0 36
4 17
32 32
7 7
22 28
27 36
27 36
4 5
3 35
23 4
19 19
4 0
5 5
16 16
36 9
29 15
4 5
34 4
21 32
17 17
8 4
4 4
4 4
13 36
13 13
17 17
21 21
20 16
15 15
7 7
4 4
5 5
1 11
31 37
34 7
23 36
14 14
14 14
14 14
5 3
4 4
19 19
3 3
14 4
36 21
0 0
4 11
8 34
10 8
1 1
4 36
0 0
4 15
22 22
14 4
17 17
1 7
36 4
17 17
34 15
9 26
37 37
7 14
35 40
0 4
26 23
0 36
4 15
17 17
34 14
10 29
11 0
36 21
11 13
1 1
35 14
4 13
32 32
11 11
8 38
15 15
22 35
1 1
34 32
8 8
13 11
21 21
8 8
38 16
19 25
1 5
26 26
14 14
4 4
0 0
32 21
25 38
21 22
38 15
20 20
14 14
11 10
23 36
22 22
1 1
13 17
17 17
16 16
4 4
13 3
26 31
22 22
36 36
21 21
4 5
11 11
23 36
7 7
21 21
25 21
1 14
7 7
10 34
15 15
36 36
10 13
21 22
36 19
6 1
4 4
11 13
4 4
10 34
4 25
14 35
14 14
21 34
11 11
15 26
11 11
4 11
21 26
4 13
4 7
14 14
7 7
11 10
14 13
1 0
36 14
10 10
5 36
15 25
7 7
17 16
36 21
7 7
21 21
32 14
35 14
4 36
14 34
4 7
1 39
28 28
21 21
19 19
35 6
14 35
36 19
37 28
16 16
0 4
7 15
14 6
20 15
9 6
4 32
14 14
13 11
15 29
14 14
4 4
26 0
37 37
13 20
3 5
17 17
16 27
11 13
1 1
26 10
37 21
13 13
4 8
7 7
22 19
20 21
0 4
25 19
21 21
12 36
36 23
36 10
19 34
21 25
7 7
4 4
3 1
36 13
4 4
4 7
0 0
40 13
21 15
25 32
2 34
38 36
35 9
32 22
37 37
21 21
20 34
11 11
25 3
0 7
22 32
4 4
36 7
20 19
13 3
11 11
21 32
3 3
21 38
11 11
13 13
7 7
21 35
7 4
4 4
20 21
4 4
4 14
19 34
5 5
25 4
25 10
13 22
1 9
13 11
0 4
36 4
4 0
11 10
4 10
37 36
1 34
28 21
5 4
0 0
36 5
21 21
21 21
25 13
15 15
36 35
22 16
11 13
11 22
0 25
22 4
34 14
14 14
15 15
6 1
15 15
14 4
16 35
4 4
4 4
37 37
10 10
1 4
37 37
14 14
11 11
28 22
1 31
11 36
7 7
35 16
13 36
16 16
14 14
27 15
21 28
11 11
4 0
34 14
6 1
36 22
21 21
9 15
4 7
36 23
14 14
0 34
10 10
36 3
29 29
34 0
4 21
35 21
10 4
22 32
1 23
4 20
17 16
14 14
34 17
34 34
8 23
14 14
17 17
38 13
25 13
17 17
11 4
37 21
4 5
23 36
13 22
15 36
36 14
36 0
1 15
13 37
36 36
