3 2
14 26
8 15
32 36
14 14
1 20
21 21
32 10
27 0
21 19
14 34
0 0
10 36
38 21
4 13
1 1
9 9
0 0
1 34
29 38
36 20
20 20
1 34
4 0
19 34
14 14
1 31
4 36
32 36
16 16
4 4
36 23
12 13
21 21
14 14
32 32
17 17
35 4
6 5
36 16
19 19
16 16
9 6
21 22
19 19
14 14
8 15
14 14
14 4
35 14
11 11
21 21
15 9
36 17
36 4
14 14
26 0
34 0
36 21
21 19
36 1
0 0
14 14
27 35
36 16
15 26
20 10
38 38
21 21
16 16
38 13
38 2
4 36
40 40
4 4
11 13
34 4
10 21
20 21
28 13
21 36
11 13
3 3
27 36
13 21
15 1
14 14
0 5
6 25
15 25
21 32
1 36
25 9
10 10
35 1
14 14
4 4
36 11
34 8
36 1
4 4
34 3
36 4
36 11
4 5
0 0
21 21
13 13
4 4
14 14
37 34
38 38
11 11
5 4
14 37
14 14
32 36
21 22
26 19
4 38
14 14
5 14
16 36
27 14
34 32
36 10
7 7
34 15
14 36
14 14
28 22
13 11
4 7
19 19
4 4
21 21
0 36
38 8
11 22
38 15
0 0
4 4
4 36
17 17
14 9
11 11
0 14
15 15
0 0
14 4
3 36
14 5
8 8
6 15
0 0
36 4
14 7
16 16
26 3
36 16
34 21
22 21
5 4
36 32
21 21
1 31
38 38
7 7
36 4
20 22
36 4
6 35
8 4
17 27
14 14
4 36
37 37
32 15
26 13
36 7
7 0
7 7
34 34
22 23
7 7
7 7
1 7
14 14
27 36
9 36
14 14
15 29
14 14
11 10
15 11
14 7
10 4
27 10
32 21
19 20
19 36
14 11
11 11
5 4
15 15
1 1
1 1
20 15
1 4
1 1
36 5
17 1
15 36
4 4
14 14
36 11
1 15
1 7
3 25
13 11
13 28
4 4
4 4
4 4
34 1
17 17
35 14
4 4
28 22
10 7
1 1
10 36
13 20
17 17
22 21
23 26
5 25
27 36
7 4
6 26
19 22
11 36
1 35
13 10
34 4
7 7
14 1
28 36
4 37
37 37
23 0
21 21
7 7
7 0
5 4
25 1
1 36
36 11
9 4
28 22
21 21
26 15
14 14
32 22
10 10
36 1
1 19
4 21
34 19
19 36
28 22
13 34
21 21
4 34
7 7
26 36
34 4
36 14
4 36
3 3
34 34
15 15
4 4
7 7
13 13
7 7
21 21
36 23
15 14
21 21
36 0
3 13
20 13
15 9
25 15
8 8
36 37
9 9
36 38
7 7
17 17
3 4
23 36
36 4
36 4
14 14
14 36
4 36
35 4
36 6
14 14
21 32
22 6
1 1
36 4
4 4
4 14
10 10
13 20
36 38
21 4
36 14
14 14
0 7
14 14
11 11
1 21
4 4
11 13
4 0
21 36
29 15
14 14
0 4
0 0
11 11
4 4
25 0
27 10
0 1
13 3
13 10
5 4
8 8
4 4
9 9
3 36
1 23
4 0
7 17
15 16
0 4
19 19
16 16
35 7
11 11
15 15
7 37
6 0
36 4
31 25
4 4
1 39
7 25
17 17
15 9
15 15
4 38
36 36
0 0
4 15
37 14
5 10
15 8
4 10
14 34
5 14
7 0
21 4
14 14
14 14
32 10
0 0
21 21
7 7
11 11
15 11
5 25
32 21
20 4
36 10
0 4
20 22
4 0
21 21
4 4
37 4
17 17
32 21
4 1
0 0
3 4
5 4
34 9
5 16
11 34
0 4
1 5
4 4
21 17
0 0
10 8
34 15
1 1
14 14
36 32
36 22
14 1
17 16
22 5
13 11
14 14
1 38
37 0
40 21
36 23
13 13
25 22
4 5
39 1
36 21
25 0
21 21
1 1
36 16
0 25
34 10
4 4
14 14
14 14
21 27
14 14
10 10
1 36
7 14
34 23
1 5
36 14
35 5
26 4
34 13
4 10
13 6
13 36
26 7
13 11
4 13
25 20
23 9
11 11
15 15
9 38
15 15
17 17
5 5
10 10
20 19
3 0
16 14
14 4
4 4
4 8
4 4
21 21
36 9
17 17
1 1
5 4
14 19
4 0
36 4
17 17
21 22
35 14
32 25
37 21
38 38
38 10
14 14
19 36
38 35
36 15
21 21
0 0
34 21
11 11
3 3
14 14
36 37
35 35
36 0
19 19
22 17
4 4
4 5
38 15
34 35
36 11
1 36
17 23
6 1
4 5
21 36
10 38
19 19
14 14
15 15
2 2
7 7
15 29
1 36
11 11
36 21
8 8
7 7
15 22
14 14
7 36
7 1
15 15
1 0
37 36
35 35
36 16
36 14
15 8
0 26
21 15
10 35
7 0
7 7
20 6
7 7
13 13
36 19
4 36
5 37
1 4
1 1
14 14
4 14
21 17
11 11
26 13
19 19
14 14
0 0
17 36
34 6
36 37
40 21
17 17
36 36
0 0
1 13
21 32
36 15
38 27
0 0
15 15
14 14
19 19
1 16
26 1
34 14
13 4
11 13
40 6
34 10
13 11
15 1
4 4
4 4
17 21
14 21
17 17
1 10
14 14
16 16
9 38
13 10
37 37
4 1
7 1
36 36
38 38
36 26
26 10
4 40
4 7
16 16
21 20
25 25
34 5
10 10
7 7
8 13
14 14
1 1
21 36
11 11
28 25
11 5
17 17
30 9
8 15
32 14
13 1
10 10
5 11
21 32
4 4
14 15
22 23
22 32
15 15
36 23
37 36
15 34
34 15
4 16
34 37
22 20
22 13
19 19
25 4
22 9
29 15
4 4
34 5
15 14
37 37
19 21
2 4
9 23
21 6
4 4
5 36
15 1
26 29
19 19
15 9
28 14
14 14
20 21
13 25
9 5
31 36
29 36
8 15
6 1
21 21
0 0
37 34
4 4
17 36
22 25
7 5
15 15
37 36
10 4
5 1
2 2
34 1
25 36
21 21
7 7
5 4
0 35
9 38
10 12
5 5
11 11
36 7
14 14
28 36
21 26
4 4
32 40
19 19
17 17
11 11
21 21
11 11
4 7
36 15
19 20
5 36
28 38
7 7
30 30
36 38
34 4
16 16
14 14
8 8
14 4
14 4
38 38
25 10
16 16
14 14
4 36
13 12
23 38
13 2
5 36
7 25
36 22
14 9
15 15
1 1
19 28
21 14
1 1
4 4
28 1
19 28
34 23
21 21
9 38
2 2
4 4
14 14
15 15
10 10
38 38
22 25
26 1
19 37
4 5
14 14
10 8
0 5
14 14
21 22
13 9
26 16
4 4
8 4
10 4
25 21
36 34
21 36
34 10
0 0
19 35
20 21
28 20
25 13
9 8
35 23
0 4
4 4
11 10
0 0
4 34
26 37
6 14
13 13
7 6
8 10
4 4
15 8
23 7
4 4
14 35
19 34
26 11
17 17
34 1
1 1
0 0
38 23
17 17
6 6
15 15
11 11
6 1
17 36
10 40
14 14
11 11
8 22
34 36
9 6
21 21
25 36
4 4
10 10
22 20
35 15
10 7
17 17
21 22
13 19
25 19
1 1
0 1
14 14
1 1
22 21
16 16
38 21
0 7
21 22
25 28
8 8
35 16
14 14
19 19
36 36
21 28
26 40
9 8
36 14
40 8
5 35
15 8
4 4
8 14
21 34
7 7
15 11
1 37
21 35
38 8
23 38
36 34
4 25
15 4
5 34
37 38
36 40
14 14
13 36
21 22
26 20
16 16
17 16
4 13
3 3
10 10
17 17
11 10
40 26
8 15
36 15
21 20
14 4
34 35
13 13
16 36
10 10
20 21
10 11
2 2
4 14
36 14
4 4
32 21
1 1
10 4
0 0
21 28
17 17
0 25
5 13
13 13
7 7
5 15
14 14
14 14
0 0
7 7
26 21
13 15
36 15
15 1
1 1
34 35
14 14
13 10
13 4
10 20
9 36
14 14
25 21
20 4
36 1
36 38
13 22
38 4
35 15
37 4
6 6
11 11
19 36
35 19
36 22
39 39
25 10
10 12
13 11
4 0
27 36
14 14
21 9
7 7
36 20
34 22
1 1
8 8
0 36
36 16
4 3
4 4
13 21
25 22
40 30
21 6
5 5
38 38
7 7
14 14
8 37
36 23
7 7
0 36
4 4
34 4
15 1
37 15
38 21
14 2
28 20
34 6
4 4
4 5
5 5
21 21
15 14
13 34
26 4
6 7
4 35
4 4
35 1
4 38
13 13
11 13
13 37
14 1
1 1
34 15
7 7
22 28
4 17
15 15
36 31
38 17
10 3
32 21
10 13
36 14
36 38
24 7
4 10
17 36
17 17
4 4
0 0
13 11
14 14
21 34
36 0
4 4
19 19
37 34
5 5
10 11
0 4
36 7
34 17
21 21
4 6
14 14
21 1
10 11
10 10
10 5
11 10
32 37
15 16
19 14
3 4
21 32
36 4
34 10
4 5
36 15
1 4
15 38
7 35
11 11
14 14
4 4
40 19
3 3
14 14
19 19
17 22
7 7
28 13
14 14
8 15
4 1
22 10
19 36
19 19
38 38
28 25
4 4
13 27
21 32
22 22
8 15
10 1
40 36
34 26
7 7
14 14
1 40
4 11
16 37
15 8
9 38
4 21
1 1
38 8
36 36
0 0
36 7
20 21
38 14
8 8
9 15
13 10
14 4
21 25
25 21
9 35
17 17
4 4
26 9
4 4
19 19
26 26
14 14
22 22
23 36
36 1
17 34
13 13
36 9
7 0
4 5
17 17
9 25
21 22
10 10
4 4
20 32
36 1
21 22
17 17
22 22
25 17
21 21
21 21
38 38
15 15
6 20
14 14
17 17
35 34
1 1
14 14
17 17
3 26
10 10
9 14
10 10
1 1
1 20
17 17
21 20
22 21
0 7
13 13
14 14
7 7
4 5
17 17
11 4
13 11
26 11
17 17
10 10
10 10
36 6
10 10
36 10
11 11
21 21
35 27
26 0
21 21
9 9
7 6
36 36
28 8
11 11
14 14
21 22
20 4
32 32
38 23
10 10
14 21
13 4
36 7
38 34
10 10
14 14
21 32
7 7
9 9
15 15
5 5
3 7
7 7
0 0
16 16
36 0
8 8
36 4
12 37
9 9
36 4
13 13
6 0
36 14
11 11
14 36
21 38
4 36
31 35
29 15
40 36
5 26
5 7
7 1
4 4
23 37
34 21
1 25
35 35
4 1
22 4
1 1
17 17
21 21
14 14
11 34
9 9
4 4
9 9
11 4
5 6
31 1
16 38
10 19
0 7
9 1
3 2
4 7
15 15
17 17
13 11
19 19
14 36
10 36
4 34
8 1
37 4
15 15
10 10
13 11
22 32
40 11
9 1
21 10
21 35
13 13
1 38
1 1
20 20
16 14
22 20
19 19
19 19
25 25
4 26
9 2
28 21
19 25
11 11
35 27
1 1
38 3
28 35
24 36
34 36
11 11
35 14
22 27
7 7
24 35
13 10
15 35
25 15
21 21
14 14
5 7
4 36
5 4
36 36
23 0
15 15
11 10
1 1
15 8
36 14
35 15
32 21
38 35
11 13
3 2
36 1
9 9
15 29
10 36
37 4
10 11
10 10
11 28
11 11
21 13
13 11
4 4
0 0
7 7
38 9
22 21
3 36
1 1
5 0
4 4
13 13
1 7
21 21
25 20
21 21
19 19
40 36
4 2
10 36
36 4
16 4
35 7
11 11
7 25
0 0
22 22
4 5
16 16
15 13
36 2
4 36
4 4
15 6
36 23
15 35
21 35
8 8
14 26
1 15
35 15
23 23
0 23
7 34
4 4
32 22
5 9
14 14
1 34
14 14
13 10
13 34
36 4
13 11
14 14
4 4
2 2
15 19
4 4
37 37
14 14
38 15
26 14
4 4
23 8
4 7
14 14
14 14
1 6
10 10
10 10
32 21
31 1
6 6
36 14
11 31
36 10
13 4
37 13
21 22
17 21
25 7
13 34
3 26
26 9
14 14
10 10
35 34
11 11
7 35
25 38
13 11
9 14
7 23
4 3
23 1
0 0
21 36
4 0
26 4
10 10
12 13
13 16
36 15
36 17
38 10
21 32
4 36
13 13
15 15
15 8
26 23
36 32
7 14
10 16
35 34
11 11
6 14
19 19
21 21
32 10
22 28
14 14
0 0
22 28
15 15
19 19
14 36
7 0
7 7
0 4
7 7
13 13
8 5
14 14
11 1
4 33
11 11
8 34
34 29
23 15
10 4
10 11
4 34
36 14
12 10
5 14
4 4
15 36
30 34
14 4
11 10
13 10
16 36
11 20
21 32
0 0
37 7
7 7
30 21
17 17
14 26
14 14
4 10
36 7
22 28
16 16
26 26
5 3
15 36
1 1
6 35
9 9
14 14
4 21
15 15
14 14
0 0
34 38
23 10
4 15
14 14
17 21
16 16
36 20
32 9
10 11
25 21
7 7
36 15
7 0
5 4
4 4
17 23
9 5
12 10
34 21
26 7
1 25
35 4
11 8
15 4
15 36
34 36
21 21
14 36
35 17
39 8
34 14
14 34
36 4
13 36
4 1
17 17
7 35
4 13
22 28
14 14
21 19
1 1
29 36
36 19
11 36
14 14
38 38
36 16
9 8
28 22
10 10
39 6
19 38
21 37
35 7
10 13
14 14
13 36
13 11
16 22
10 14
39 1
22 4
9 11
26 14
1 34
15 14
35 3
14 14
17 5
4 3
19 19
21 14
32 21
26 23
7 7
13 11
6 20
2 2
40 35
36 0
22 22
1 1
4 0
6 34
11 5
21 22
5 5
4 0
8 19
24 13
4 4
36 25
0 7
27 26
15 15
16 16
38 16
37 19
19 36
37 31
15 15
37 7
36 9
14 14
6 4
13 13
0 7
36 21
34 22
15 15
7 7
4 3
1 1
15 36
11 11
17 0
34 23
36 10
15 15
19 25
36 10
20 4
36 15
21 21
22 22
8 38
35 1
14 14
19 36
0 26
0 0
26 4
15 15
0 7
4 4
38 23
21 22
36 6
10 10
15 17
5 8
35 36
4 14
38 10
7 7
26 17
36 4
29 10
21 21
21 32
15 15
21 21
7 7
19 19
10 3
21 21
23 16
0 4
34 11
22 8
16 1
35 35
19 19
35 13
1 27
15 35
9 25
15 9
22 25
35 6
17 17
4 4
0 0
36 11
10 8
19 25
19 36
19 19
1 1
10 10
14 14
3 11
14 9
35 34
0 0
37 36
9 9
22 22
36 21
16 5
39 1
36 15
4 35
35 10
10 34
16 35
1 1
14 14
36 1
29 22
14 14
28 19
34 38
35 15
34 35
10 13
21 21
35 23
32 32
14 14
8 15
10 10
38 19
21 4
3 3
1 1
4 4
15 15
36 36
26 25
28 32
16 8
15 8
38 15
6 34
11 13
36 19
16 16
14 14
17 16
40 10
28 36
14 14
1 1
28 34
4 5
13 13
35 4
34 35
21 21
28 17
23 35
19 19
7 4
0 0
13 10
3 36
22 22
14 14
36 16
11 11
21 4
16 21
29 15
8 8
38 14
36 16
11 11
1 1
21 37
34 7
16 16
3 14
6 1
4 15
36 15
21 28
36 7
34 16
35 15
26 4
22 38
16 17
36 21
7 7
36 23
0 4
5 10
30 1
21 22
19 19
15 38
19 20
31 1
9 9
22 7
35 20
23 36
36 10
0 7
1 1
4 4
10 8
9 20
36 37
32 14
21 34
15 4
21 21
22 11
21 32
1 1
4 36
17 4
0 4
14 14
7 4
27 10
10 20
36 15
7 7
34 23
32 17
17 17
14 14
10 35
36 10
7 7
21 21
13 10
17 17
4 13
10 10
32 21
10 13
14 31
25 16
14 4
34 7
1 4
29 21
13 13
19 36
0 3
36 16
7 7
4 13
17 4
22 4
22 21
4 4
32 37
36 14
7 7
28 36
0 0
36 37
22 27
17 17
7 0
4 4
13 34
4 25
34 6
0 4
28 24
22 36
4 14
38 17
34 13
14 14
35 39
21 37
1 1
36 15
5 5
11 11
19 19
22 22
23 23
7 7
40 3
6 36
21 11
27 36
13 13
1 1
35 9
36 36
15 34
5 5
4 4
4 14
35 19
11 11
4 10
19 37
6 14
22 20
21 38
7 36
4 7
26 26
16 16
10 22
14 14
36 13
11 11
7 7
29 36
4 4
8 15
36 19
4 14
1 1
13 4
19 36
5 5
4 4
7 5
10 13
32 21
12 36
5 34
15 15
20 36
4 36
5 15
5 0
13 11
9 9
20 19
13 36
36 8
4 4
20 10
20 27
15 15
7 7
16 34
10 13
26 5
19 36
36 36
34 0
13 11
25 7
21 27
6 11
5 5
17 34
21 21
13 36
34 15
14 4
16 38
15 13
5 4
22 22
8 23
22 21
37 8
10 22
17 17
8 36
5 5
11 13
21 21
36 15
38 35
0 0
4 4
17 17
25 22
10 10
10 10
9 11
4 4
36 20
36 1
36 7
36 14
36 8
13 10
13 34
23 23
10 4
36 36
4 4
13 20
15 15
36 28
28 29
8 14
14 14
15 29
19 16
1 39
36 10
21 21
21 21
35 35
3 4
36 0
28 28
19 19
17 17
21 32
11 10
35 15
19 19
23 35
4 4
15 8
14 14
16 16
35 21
5 36
26 15
15 36
13 13
10 35
23 0
4 5
17 17
14 22
0 4
7 7
21 21
8 36
13 13
34 35
36 36
38 35
15 15
11 11
7 7
36 19
38 3
10 10
9 9
21 21
13 13
22 35
1 1
22 10
35 4
22 22
13 10
36 7
35 5
1 1
8 8
20 20
4 13
2 36
14 14
22 13
20 36
13 10
35 17
34 25
8 21
4 4
4 4
4 4
9 9
16 16
36 17
8 22
7 7
31 29
35 4
21 19
14 14
23 15
4 4
34 23
0 0
9 9
1 35
7 7
14 5
36 36
16 38
1 39
4 6
25 15
23 17
4 36
4 4
36 34
38 8
13 10
20 21
0 0
15 1
12 10
36 21
32 36
4 4
10 20
15 15
32 21
25 19
4 4
14 9
21 32
10 11
13 25
4 4
4 5
21 19
14 36
14 14
16 16
14 14
35 25
34 35
21 35
8 8
13 10
4 4
27 7
10 20
2 1
1 4
7 4
31 1
21 21
36 5
26 8
22 21
9 34
15 1
21 21
14 14
14 14
34 15
14 1
21 20
22 22
15 14
32 32
14 14
8 9
7 7
17 1
5 5
4 4
14 14
11 11
14 14
15 37
36 21
35 35
36 31
13 20
36 21
16 16
35 9
26 19
35 14
10 10
24 24
15 1
8 15
14 4
19 19
26 11
35 36
4 4
0 4
34 23
17 25
29 6
9 25
25 21
10 13
11 11
13 11
19 36
39 1
36 10
37 37
1 4
21 22
36 36
0 7
4 25
21 21
25 4
2 4
14 14
9 15
4 36
1 1
10 10
21 36
4 4
4 4
4 34
36 10
15 21
28 20
8 36
22 25
17 13
15 34
9 36
11 11
23 35
11 11
36 14
5 14
34 34
0 4
13 36
21 21
1 1
14 14
38 16
17 35
25 21
21 21
14 5
26 15
14 37
16 16
32 14
9 14
19 19
38 17
8 36
4 4
10 12
4 4
1 1
10 10
8 15
15 15
36 35
16 16
34 8
11 11
7 7
17 17
14 19
10 6
36 13
4 13
4 4
36 15
1 24
0 0
7 0
4 13
4 4
14 10
14 14
35 38
38 1
8 35
4 4
22 22
14 14
7 36
25 0
7 7
38 4
14 14
16 36
0 0
38 19
0 4
15 15
21 21
36 15
0 7
21 21
15 14
36 7
4 34
8 27
28 14
14 4
14 14
20 4
4 4
6 7
34 4
15 38
36 37
32 20
3 2
1 1
11 4
8 8
17 17
20 12
1 1
14 14
13 10
25 36
15 15
36 9
22 36
13 11
20 19
4 5
34 4
16 16
17 17
17 36
1 1
37 8
1 36
26 11
36 4
16 16
21 21
34 40
4 5
13 4
2 2
38 16
15 15
26 9
16 16
21 21
35 0
1 1
10 36
38 36
4 4
36 4
10 10
10 26
4 4
17 36
4 4
35 15
7 6
22 22
21 22
15 9
7 1
14 14
36 29
13 11
4 17
10 27
14 14
4 15
10 10
17 17
10 10
4 5
15 9
4 34
21 1
17 17
4 35
26 4
34 38
4 5
7 0
4 4
4 25
36 19
36 26
11 9
14 14
34 4
15 22
25 22
25 7
5 7
36 34
21 21
38 15
9 9
36 21
10 10
4 11
21 21
11 11
1 4
4 10
9 9
34 14
26 21
4 4
38 8
21 17
14 14
13 13
0 0
0 0
21 19
8 36
36 4
36 4
21 19
36 4
21 28
19 16
36 2
23 23
13 10
1 1
27 36
17 17
13 34
4 4
41 7
7 7
4 0
26 3
17 38
1 36
17 16
36 9
0 0
14 14
35 35
36 19
7 7
36 4
36 2
13 34
7 7
14 14
35 11
4 0
7 0
1 1
16 16
14 14
5 5
36 14
13 10
0 0
22 26
10 5
14 14
2 39
15 1
10 10
36 34
4 4
23 36
7 0
22 36
4 13
36 28
4 5
38 14
16 16
25 0
9 9
13 4
26 35
20 19
5 10
1 36
19 19
29 26
28 24
4 4
36 36
1 1
10 1
10 11
10 10
14 34
37 37
10 34
0 0
36 3
1 34
7 13
2 4
7 7
2 25
17 4
11 11
20 20
0 0
19 21
34 34
1 1
6 34
14 14
35 36
37 17
4 17
31 9
1 1
14 14
21 36
1 1
21 21
37 2
28 22
17 17
1 1
14 4
34 15
22 22
38 9
7 7
14 14
8 8
21 21
14 14
36 2
4 13
10 4
0 0
36 14
7 36
36 35
34 16
11 11
37 34
17 17
4 4
13 13
11 10
23 28
7 4
36 28
14 14
4 4
19 19
19 36
21 21
34 17
28 10
1 25
11 13
13 13
3 3
7 0
15 21
11 34
0 36
29 34
1 1
20 25
4 4
11 11
1 1
7 7
16 36
15 15
34 9
7 7
17 17
15 4
14 14
14 14
36 5
4 36
4 4
1 36
0 36
11 11
21 22
15 29
38 26
14 1
34 4
19 35
11 11
14 36
37 37
35 15
14 14
14 14
38 5
1 36
9 15
35 7
36 36
36 11
4 3
38 14
40 27
19 20
16 16
4 13
9 26
14 14
14 4
21 21
4 11
15 15
13 10
4 4
14 14
21 21
0 0
9 11
4 25
0 4
1 0
22 22
1 1
0 37
15 9
14 14
10 13
36 10
19 19
4 4
4 4
14 14
