14 14
4 34
14 39
34 15
15 38
36 29
32 13
13 25
36 2
4 4
0 7
19 19
4 1
4 7
0 0
35 34
19 2
34 19
15 35
7 7
40 40
21 22
28 25
28 28
28 16
20 20
6 1
36 4
21 21
15 9
20 25
4 4
36 35
36 3
14 38
26 21
23 36
5 13
15 11
1 1
4 4
4 13
10 21
7 1
37 12
25 25
15 36
4 4
14 14
35 36
7 7
4 13
16 38
10 22
36 11
21 20
4 4
15 36
0 4
9 25
15 15
36 4
1 1
14 14
10 4
14 36
10 36
36 34
11 13
19 19
14 14
7 36
4 4
14 14
34 16
1 15
20 28
5 5
26 26
14 14
19 36
35 31
36 27
17 26
4 13
36 23
32 15
5 10
25 25
17 17
15 9
36 4
14 14
4 4
14 14
11 11
36 1
14 14
14 14
1 36
4 34
40 36
21 32
23 7
20 10
7 4
16 37
35 1
14 14
3 10
20 14
5 4
4 10
7 0
26 19
36 1
8 9
22 22
35 14
36 3
1 3
9 9
10 10
38 4
36 23
25 4
8 0
11 10
11 11
14 14
36 1
36 4
0 7
4 8
23 36
34 6
14 14
0 7
36 10
4 6
37 3
36 14
0 0
23 34
7 7
21 16
35 35
36 25
31 1
7 37
8 26
13 13
7 26
25 25
38 1
17 17
36 36
21 21
11 11
6 36
37 10
15 15
20 19
16 16
34 4
7 7
7 4
0 22
1 1
23 26
4 22
8 8
20 36
4 35
34 36
28 21
37 11
36 15
0 7
4 4
10 28
14 1
14 14
36 15
15 15
8 8
11 9
15 5
36 3
16 16
14 14
32 38
7 14
14 14
5 3
14 14
14 14
21 1
36 34
9 9
21 21
36 14
0 0
4 3
4 4
4 5
9 9
14 14
26 13
21 4
28 22
38 31
4 36
32 4
5 3
19 25
15 15
9 15
14 14
36 24
13 20
10 14
22 28
11 11
19 19
6 35
0 7
27 36
19 19
21 4
37 37
17 16
16 16
15 34
13 13
13 13
10 10
15 29
10 4
14 14
36 21
1 34
36 19
10 12
22 22
13 21
38 15
1 1
4 4
11 11
34 10
26 28
10 10
4 4
25 6
10 38
11 26
11 1
9 38
7 0
38 6
10 10
36 36
14 14
8 36
4 4
15 15
9 15
13 13
1 4
14 26
13 17
2 9
15 35
0 0
36 17
36 4
4 13
0 7
16 36
14 14
36 37
8 10
14 14
21 16
19 19
16 16
8 8
9 24
34 7
4 4
5 0
5 4
15 20
19 19
21 4
1 35
20 20
15 15
7 5
1 26
36 7
25 9
17 17
10 11
38 16
4 28
10 13
38 14
10 10
7 7
7 4
21 21
20 20
4 11
20 20
34 38
13 4
0 7
0 0
35 34
0 0
10 36
14 26
36 36
1 1
21 21
36 5
14 14
6 1
37 36
14 14
6 3
10 36
1 1
36 6
31 36
11 11
36 1
15 15
34 14
17 26
36 38
17 17
31 0
22 36
22 21
6 1
14 14
26 19
36 27
8 37
26 21
19 19
1 1
4 4
7 1
36 22
7 0
36 41
39 38
13 11
14 14
26 7
21 21
7 32
0 0
10 36
9 36
34 1
19 19
4 4
4 4
31 1
32 22
21 20
37 37
6 6
4 23
36 36
19 19
2 36
22 19
20 15
36 36
10 10
1 28
2 9
14 14
14 14
10 10
7 7
34 31
19 19
36 36
16 38
36 4
9 9
14 14
7 7
14 14
4 4
11 11
36 36
36 16
1 34
1 1
10 13
27 8
13 13
36 19
16 35
4 5
15 36
12 34
36 7
14 14
4 35
36 6
13 11
2 25
17 15
36 10
0 0
36 19
16 16
14 14
7 7
4 4
4 5
19 25
35 28
21 21
1 1
36 36
36 5
7 7
10 11
13 13
10 37
0 0
16 16
1 1
15 15
7 7
21 21
34 38
38 35
35 28
7 7
8 20
14 14
10 10
34 34
11 11
14 14
36 10
1 36
13 10
4 4
34 4
7 7
10 11
4 4
13 13
4 4
21 36
21 28
21 15
4 4
4 4
22 36
17 17
21 25
36 11
11 11
14 14
6 26
13 4
4 34
0 0
27 38
9 15
36 21
32 21
36 11
1 14
36 8
15 5
4 5
4 4
14 14
16 35
4 0
14 14
35 5
19 19
4 11
0 0
27 15
14 14
0 0
7 7
14 14
36 19
11 11
0 0
36 40
4 7
5 34
21 21
36 1
6 7
7 7
10 10
14 36
14 14
4 4
4 4
23 28
15 15
36 36
32 21
4 10
7 6
10 10
28 19
4 36
17 17
17 17
9 5
14 38
11 13
14 8
6 6
16 36
26 39
29 28
21 21
14 14
36 21
15 36
15 8
4 4
1 16
21 21
8 8
9 1
6 13
13 13
36 19
13 20
14 14
0 5
23 36
14 22
6 36
11 11
4 4
36 27
1 14
32 15
0 0
5 4
11 26
25 13
7 7
16 16
34 38
21 19
0 0
38 11
13 4
2 3
37 21
10 37
7 7
30 25
5 4
16 16
26 23
21 19
27 36
0 0
7 7
14 26
13 36
10 10
39 9
14 14
23 36
10 10
15 8
14 14
4 5
25 14
4 4
14 14
4 14
36 8
11 36
19 19
4 36
5 5
7 7
38 9
6 9
26 11
7 4
13 20
36 16
21 8
10 4
40 37
21 21
14 14
22 21
4 4
4 3
4 4
0 7
4 13
36 14
22 14
22 22
5 4
11 11
17 17
13 13
0 0
19 19
26 36
36 4
14 14
13 36
13 11
34 10
10 10
25 25
9 29
36 14
7 38
1 3
21 22
37 0
21 21
13 13
0 0
13 13
7 7
14 14
39 36
9 9
10 11
36 27
10 34
35 35
4 1
4 4
5 34
1 1
36 21
4 20
13 10
6 9
8 15
16 16
5 36
0 0
14 37
17 17
21 25
20 10
14 14
1 1
14 14
14 14
17 34
4 14
7 7
22 21
14 14
21 21
34 34
36 13
1 1
14 14
14 14
28 21
37 3
26 0
10 11
1 37
22 21
7 7
19 36
37 37
9 23
11 11
4 9
7 7
4 5
7 7
7 7
21 6
19 35
4 11
14 14
11 11
7 7
10 10
37 14
36 4
14 14
22 28
36 16
36 37
21 21
4 4
36 22
15 4
10 19
20 21
21 21
21 36
10 11
13 22
6 37
14 14
28 36
1 15
22 11
0 4
14 14
4 5
7 37
11 11
16 16
38 36
21 21
35 12
1 0
4 4
21 21
0 7
35 35
14 14
21 21
28 28
8 22
11 10
28 36
20 36
0 25
25 14
21 9
34 11
36 0
5 7
38 14
16 16
7 7
34 36
1 1
23 22
3 4
7 7
9 38
5 5
17 25
6 34
31 14
23 36
19 19
22 21
35 23
21 21
3 3
14 36
15 15
7 36
7 7
17 25
36 36
36 11
23 1
8 8
34 0
21 28
4 14
15 15
10 10
35 35
21 9
4 4
4 4
21 28
1 1
14 14
26 9
36 4
32 15
21 32
36 24
4 36
9 38
16 7
4 7
11 11
6 4
16 16
26 17
1 1
19 19
13 20
15 36
34 28
25 4
36 8
32 11
1 36
10 13
25 25
4 4
4 4
14 14
13 13
36 35
36 19
20 17
26 11
14 14
7 7
14 14
4 5
0 7
10 36
36 10
21 21
5 13
17 21
32 14
22 10
14 14
15 35
11 13
4 4
4 7
7 7
4 8
14 36
1 1
36 0
37 10
7 4
10 10
21 21
0 1
7 19
11 37
38 15
13 13
14 22
13 13
14 14
15 15
21 21
3 36
15 8
17 26
19 19
15 9
35 15
3 3
36 34
36 10
15 15
34 11
4 27
14 14
15 11
15 15
36 9
14 9
35 4
34 0
36 1
16 16
14 14
26 26
19 4
36 0
5 5
8 36
4 34
7 7
4 4
36 14
14 14
31 8
35 4
36 35
19 19
6 6
4 37
36 28
1 1
14 14
16 16
19 19
36 34
21 21
14 14
16 34
34 23
10 10
10 13
1 13
38 32
36 7
21 21
14 7
13 36
31 1
9 21
23 1
4 4
19 19
7 7
37 35
21 36
28 13
7 7
36 15
10 10
32 14
9 9
9 15
11 36
32 17
1 1
40 32
19 17
5 5
0 5
32 9
7 7
4 36
7 0
0 4
4 36
36 9
35 14
15 8
14 14
22 28
4 36
36 8
36 9
0 7
28 22
4 4
11 35
1 1
13 11
4 5
10 35
36 15
10 10
7 7
34 15
2 2
20 28
21 21
7 7
1 1
19 21
14 0
0 34
36 13
21 21
23 39
4 14
4 4
20 22
36 10
23 16
7 0
3 4
14 14
4 34
38 34
26 4
36 17
16 22
21 21
4 4
14 14
1 9
5 5
0 36
14 13
14 14
35 1
32 7
10 11
34 36
3 5
36 11
12 10
38 38
10 36
13 4
19 23
4 4
17 17
21 20
35 4
10 11
1 1
36 4
36 10
14 14
37 21
22 14
19 19
22 21
5 11
7 7
4 36
13 13
7 36
4 0
15 4
19 14
14 4
7 1
21 21
11 10
20 20
1 1
3 36
40 1
14 25
19 21
20 20
1 36
4 4
21 21
34 7
0 0
1 1
4 10
10 36
6 6
4 4
36 5
19 35
0 5
26 14
26 26
10 10
15 15
4 4
36 13
14 14
13 11
14 14
7 7
11 10
14 14
17 37
21 22
24 35
4 36
36 14
15 15
36 15
7 34
40 16
36 21
5 34
32 4
21 20
0 0
20 10
4 34
0 4
14 14
21 26
6 4
13 10
0 0
10 15
1 23
5 14
17 17
4 4
36 10
0 26
36 15
25 21
14 21
26 4
4 1
36 36
34 13
5 34
5 5
22 13
20 27
13 10
36 5
34 34
35 14
21 34
10 11
35 19
0 0
34 19
6 8
14 25
36 14
4 4
26 14
4 4
17 17
32 2
1 1
14 5
36 23
4 4
15 4
25 20
21 21
14 14
36 6
19 19
37 37
22 21
34 7
14 7
13 13
35 15
40 40
19 4
8 8
21 21
35 14
17 17
5 4
4 14
0 4
15 36
34 4
26 17
34 9
21 21
20 25
26 21
26 13
19 20
15 35
14 14
9 9
4 34
15 15
7 7
35 13
20 13
23 1
34 5
7 25
19 14
14 14
9 36
7 4
36 38
1 38
31 7
15 15
31 9
23 1
21 21
16 34
4 2
10 10
15 36
22 36
36 16
21 1
13 11
11 11
4 34
13 34
32 19
4 34
21 21
34 14
7 7
4 4
14 14
10 20
37 37
37 16
1 25
11 11
38 36
15 39
9 15
17 4
15 36
5 7
36 36
13 13
15 36
20 20
13 5
13 22
15 37
14 14
11 13
5 4
14 14
36 10
13 13
23 36
5 4
13 22
0 25
21 21
26 11
14 1
10 10
13 34
21 17
37 15
28 21
7 6
7 7
0 36
35 5
17 17
13 10
8 29
7 0
27 36
16 36
19 19
36 5
39 15
10 10
20 4
25 8
11 11
7 0
34 35
11 11
27 10
23 34
14 14
27 36
36 4
11 26
1 36
10 36
19 28
14 14
34 34
23 36
36 4
4 5
0 0
13 13
21 22
5 4
26 26
1 39
4 5
14 14
35 6
0 4
14 14
14 35
36 24
23 36
36 14
22 21
1 36
36 4
5 4
10 10
4 8
23 1
34 13
4 26
1 10
4 4
20 8
8 5
10 23
4 4
21 19
0 4
22 20
38 34
8 8
4 4
20 28
34 13
34 36
16 38
4 4
36 37
4 4
4 25
16 16
14 14
28 22
4 7
36 4
15 15
13 13
4 14
36 4
11 11
9 14
3 3
14 1
20 28
7 7
34 13
38 22
4 38
34 6
36 38
7 4
4 4
7 0
27 10
20 19
39 38
15 36
11 20
16 16
36 1
14 10
10 13
26 23
15 17
35 14
14 14
36 25
1 1
10 12
34 10
35 34
14 14
36 23
4 4
4 1
32 28
15 36
9 8
1 6
36 36
4 4
13 22
38 36
4 1
36 36
14 14
25 17
4 4
36 19
14 14
1 35
31 14
4 36
0 0
0 35
37 37
25 38
7 7
10 11
20 20
23 10
32 32
7 7
14 15
15 15
35 4
5 5
19 19
7 7
15 15
35 37
26 9
15 7
11 11
22 15
19 19
21 36
14 14
4 7
21 21
11 11
7 36
34 19
34 37
22 19
38 14
36 13
14 14
4 34
7 7
7 7
26 8
6 36
10 10
9 9
1 0
13 36
9 2
4 13
0 0
14 14
36 4
36 36
7 6
10 10
1 36
36 17
36 6
15 15
22 22
14 14
35 15
14 14
13 11
36 36
7 7
38 17
34 38
10 10
7 4
0 0
35 15
37 37
38 14
1 1
32 32
13 12
37 36
34 6
5 5
21 22
5 5
1 4
36 14
1 1
7 1
21 32
14 14
16 25
11 13
35 12
40 40
14 14
19 19
10 22
22 21
2 14
7 7
32 21
19 13
14 14
1 1
12 10
14 14
19 19
0 0
34 16
16 36
38 13
22 32
16 40
10 10
5 4
7 7
34 28
25 7
15 20
29 32
9 31
17 36
4 7
8 8
19 19
21 32
14 14
13 5
10 23
14 14
4 4
5 4
1 1
14 14
21 21
34 21
26 9
19 19
1 10
38 14
22 22
21 21
20 21
14 14
7 35
7 7
4 0
1 1
39 14
0 0
34 19
35 4
14 10
36 19
4 4
1 1
21 21
16 16
14 16
36 24
34 23
7 7
31 10
0 0
16 16
0 0
7 36
0 0
11 10
11 10
21 21
0 34
36 19
36 22
36 20
14 14
10 13
19 19
37 15
14 14
36 7
1 4
21 38
36 40
7 0
40 40
38 19
17 38
36 14
36 14
10 5
8 4
14 14
36 13
37 37
1 1
17 36
21 21
14 14
21 15
14 26
14 14
35 15
31 1
34 36
35 15
17 32
1 1
14 14
21 26
7 4
15 29
4 4
19 34
4 4
17 17
16 16
4 1
1 1
20 19
9 1
20 20
26 19
1 1
8 15
16 17
17 7
14 36
16 16
14 5
36 38
0 0
19 19
26 31
11 11
10 10
14 14
7 0
1 35
20 20
21 21
36 7
13 13
2 4
10 40
4 17
13 22
36 9
4 3
36 14
26 21
21 6
25 15
4 36
4 2
4 13
10 25
36 6
36 16
22 8
13 34
34 4
31 7
16 36
4 25
36 32
10 10
35 37
10 10
25 15
14 14
22 22
21 32
35 36
11 11
7 7
36 36
4 35
22 8
36 0
37 31
25 1
22 13
29 29
15 36
14 7
4 0
32 17
4 36
11 4
4 5
13 13
11 11
34 36
19 22
4 4
15 34
14 14
4 4
13 13
17 17
14 14
14 36
36 20
10 20
9 14
4 4
4 4
7 36
5 5
27 27
9 36
9 9
4 22
7 25
34 8
13 11
25 25
32 28
13 13
35 14
1 21
0 0
4 14
23 14
10 10
36 32
1 36
13 13
23 23
4 4
4 14
17 17
14 14
14 14
4 11
35 15
13 13
28 12
23 19
19 36
7 7
16 34
25 20
26 4
15 35
21 21
4 7
32 34
14 14
17 34
22 21
4 4
3 4
19 38
17 17
4 4
10 10
11 11
4 36
19 20
35 4
15 9
14 14
22 22
21 21
19 21
36 1
36 23
1 0
6 1
15 34
4 0
36 4
21 21
21 21
14 14
36 36
8 13
36 15
21 21
21 17
36 15
35 19
15 26
16 16
11 11
32 20
23 36
37 21
36 15
14 14
8 27
28 4
14 14
10 10
0 0
16 7
2 14
5 1
36 28
34 20
4 1
11 11
14 34
16 16
0 4
36 24
21 22
4 13
0 0
32 32
36 8
34 15
22 28
13 4
32 28
11 13
14 14
0 4
14 14
14 35
8 8
5 5
17 17
11 11
22 26
35 14
25 0
36 21
13 13
14 14
10 5
13 11
37 22
25 1
1 14
15 29
4 36
22 28
21 28
25 25
37 37
21 34
19 15
4 5
26 14
11 26
1 14
14 14
23 36
8 8
22 0
9 1
28 19
14 26
15 26
14 14
5 10
21 28
3 38
10 15
25 7
14 14
34 9
36 17
0 26
34 4
4 4
38 36
6 7
5 4
3 4
1 1
21 35
13 1
0 3
4 4
38 36
4 14
36 14
5 1
10 14
4 4
20 20
10 36
38 15
14 9
1 1
11 15
22 22
4 4
25 2
15 15
19 19
7 7
9 14
4 4
13 13
21 21
9 25
10 34
26 26
0 34
34 19
14 14
36 4
9 15
10 10
10 36
1 1
4 25
0 0
1 1
4 4
0 0
39 36
38 28
22 28
26 4
4 5
36 1
4 0
4 4
32 21
1 1
1 2
22 21
15 15
9 26
34 7
19 19
10 35
21 21
36 23
4 4
1 8
5 36
34 1
23 10
1 39
28 16
20 22
14 36
14 36
14 14
36 36
34 15
3 26
1 1
14 14
22 22
7 7
14 14
7 7
5 38
22 15
23 36
26 10
27 8
36 9
29 9
26 15
15 35
5 5
25 4
4 13
16 0
21 29
21 22
14 14
16 36
14 14
21 25
7 36
35 12
10 10
17 34
8 0
1 1
26 17
0 2
4 4
0 0
14 14
34 37
14 14
4 4
4 10
8 34
37 1
36 4
32 34
28 24
0 7
4 4
1 1
10 25
38 37
21 21
36 4
14 14
15 36
4 1
15 15
37 20
38 21
5 5
40 6
9 15
15 15
20 36
27 8
4 4
36 7
0 36
11 20
36 1
8 22
37 37
22 4
7 7
4 37
21 36
10 20
7 7
22 21
17 17
36 1
21 21
28 14
4 1
36 21
36 4
10 10
21 28
4 4
14 36
14 14
9 36
34 37
23 36
13 13
36 13
1 1
36 14
15 36
21 32
10 10
1 1
14 14
36 7
4 4
23 1
16 37
21 21
36 36
9 9
5 21
3 3
4 4
9 6
36 34
15 15
36 15
20 36
38 10
13 13
1 6
36 38
4 4
10 36
1 1
14 14
2 4
4 13
37 37
14 36
20 35
34 38
36 38
6 21
0 0
38 15
26 14
4 0
7 7
14 14
15 38
38 9
13 13
1 37
11 11
26 22
21 9
17 15
25 10
9 20
21 21
21 21
34 4
4 4
13 13
37 14
20 20
15 36
36 13
7 0
13 10
36 36
36 36
1 1
31 15
14 14
15 9
36 4
21 21
34 28
0 25
10 10
15 35
7 7
40 4
14 36
8 26
17 4
14 28
22 22
32 21
4 10
15 26
14 14
10 10
17 26
32 17
14 22
4 9
28 21
6 6
12 13
34 4
4 4
7 0
4 4
10 6
34 36
15 36
21 22
21 37
16 16
36 27
5 5
36 38
14 15
4 5
4 15
1 1
15 36
36 34
14 14
26 18
1 34
13 10
0 25
22 17
13 13
0 16
1 1
29 8
10 13
34 34
4 4
8 15
36 15
0 0
7 10
14 14
30 30
4 10
21 21
11 36
32 17
38 25
25 28
37 36
16 16
17 14
5 4
4 4
34 5
34 7
11 11
21 32
14 14
20 19
6 6
3 3
6 13
15 25
36 4
21 21
15 15
5 36
7 4
1 1
36 6
17 34
1 0
36 36
5 10
29 8
7 4
8 8
7 7
36 1
23 14
13 14
5 11
8 34
1 1
8 8
1 15
7 7
36 15
25 8
36 9
14 14
10 13
19 34
11 36
22 28
5 34
32 32
7 36
19 32
10 10
22 22
14 14
34 29
38 38
13 11
22 1
36 36
34 36
8 34
35 9
6 7
34 19
36 7
4 4
34 26
36 7
15 9
14 31
23 23
14 14
4 1
1 1
26 0
1 1
21 38
28 23
19 19
4 20
4 4
5 11
4 4
4 15
14 14
17 16
34 14
26 4
1 9
4 4
4 4
11 11
20 35
25 4
37 37
22 21
34 16
1 14
1 1
36 15
36 16
1 15
17 17
20 34
34 26
4 10
21 21
14 14
11 36
9 36
26 15
4 4
7 7
5 4
14 14
21 21
20 13
6 7
21 32
13 36
35 14
3 34
19 19
7 7
16 16
4 4
16 38
21 36
32 15
1 26
9 22
4 21
4 4
11 11
7 7
4 4
7 7
32 21
10 10
34 15
0 0
4 9
19 19
4 4
17 17
34 11
2 10
29 15
4 4
26 5
15 15
4 0
15 14
36 4
4 0
9 21
36 27
22 21
11 36
4 9
0 5
36 16
14 14
7 7
37 9
14 14
10 25
4 3
14 14
11 4
31 14
17 17
19 19
5 5
26 26
4 4
1 32
38 9
22 22
35 10
21 22
22 22
36 6
34 4
35 17
4 4
10 10
4 36
21 25
37 21
35 1
14 14
13 13
21 21
34 15
19 19
15 34
22 22
11 13
14 14
36 7
14 17
39 1
7 7
36 14
15 34
38 38
0 0
13 20
36 21
15 36
13 13
0 1
34 36
0 34
25 25
36 36
36 14
25 26
15 6
36 11
4 14
22 21
28 10
10 10
17 34
32 21
4 0
11 11
14 14
1 1
16 16
14 14
7 6
15 14
2 2
10 4
36 11
22 21
4 8
8 7
14 1
36 27
14 25
11 4
16 19
13 4
4 4
13 22
4 4
4 36
5 4
36 19
36 15
1 1
22 36
17 9
15 15
36 0
3 13
15 15
26 19
21 35
34 13
4 4
17 17
7 7
37 36
11 36
10 36
9 14
14 1
10 10
36 7
10 10
35 17
4 34
6 7
36 14
36 8
25 1
22 36
13 1
4 4
21 25
20 38
21 21
22 21
4 34
19 19
0 1
26 14
15 36
2 37
36 4
14 14
16 34
7 7
19 35
36 4
20 13
21 21
6 9
10 10
22 21
38 21
4 4
14 14
35 4
21 21
1 34
34 4
36 35
8 34
1 36
34 26
10 11
1 1
5 16
34 13
10 10
9 36
8 4
38 23
4 7
17 17
19 14
19 19
34 13
22 21
14 5
8 1
4 14
13 13
4 37
13 13
8 34
14 14
10 10
6 15
10 10
35 38
36 21
4 4
21 17
21 21
20 20
19 19
34 21
1 1
25 34
4 11
0 4
14 14
40 10
14 14
32 21
36 7
4 4
21 21
7 23
34 21
10 20
36 8
9 38
26 26
14 14
1 36
28 21
4 4
34 6
19 19
0 0
36 14
14 14
36 4
9 9
9 36
2 2
15 15
14 14
36 17
4 36
11 10
15 15
12 12
17 17
17 17
1 7
21 21
4 34
37 37
13 11
13 8
0 25
10 10
14 14
14 19
