36 15
15 2
36 11
0 0
36 23
14 14
4 38
0 0
37 29
31 36
28 17
34 14
36 35
7 14
14 14
26 11
14 5
19 19
7 32
7 7
8 8
7 7
7 4
11 11
8 8
34 32
31 14
36 8
1 36
21 32
10 10
4 3
14 14
8 8
38 9
21 21
38 4
31 36
10 36
14 14
2 13
36 4
14 14
23 35
15 1
31 14
4 7
19 19
0 0
10 10
4 8
37 16
34 23
34 10
21 21
21 37
20 8
14 14
36 22
4 4
21 19
38 9
23 7
0 0
23 35
4 36
21 22
4 4
5 8
4 4
14 14
16 36
4 4
10 10
2 4
8 8
4 10
7 7
0 0
36 4
17 25
0 0
28 20
1 29
4 3
9 9
36 14
36 11
14 14
4 0
11 11
36 38
22 4
1 26
4 4
8 26
4 25
27 6
21 21
30 17
9 4
4 4
21 21
14 14
4 1
27 36
0 25
38 34
15 36
1 1
14 4
15 15
4 4
15 9
20 20
13 13
14 14
15 36
10 35
13 10
20 20
32 14
15 29
10 4
36 32
7 7
13 13
9 9
11 11
36 38
35 35
13 13
13 11
25 22
2 9
17 17
19 5
34 12
21 36
5 1
36 11
13 20
4 4
4 36
9 9
10 10
16 16
8 22
0 0
36 36
7 7
14 14
0 7
16 36
36 7
36 5
34 38
35 40
14 14
36 15
21 28
17 17
36 4
36 14
15 7
19 22
13 13
12 35
15 26
1 1
16 16
35 35
8 8
28 21
13 13
36 1
37 4
15 4
4 36
1 10
14 14
7 7
9 1
15 15
14 24
4 36
15 15
4 5
14 14
4 0
34 38
14 14
7 7
14 14
4 4
0 7
4 4
37 36
4 4
4 4
15 34
0 1
9 9
36 5
5 5
14 14
7 6
36 5
17 5
17 17
38 38
7 7
20 20
14 11
36 11
15 8
36 4
37 37
4 4
0 0
7 7
21 21
14 34
11 13
36 4
14 34
35 34
14 14
14 36
36 1
1 36
13 9
21 21
4 4
21 21
14 1
36 40
14 14
40 4
0 7
20 21
14 14
1 1
1 14
11 11
22 28
36 9
5 5
17 17
4 4
34 19
1 1
31 35
20 21
22 22
4 10
15 27
3 1
11 11
13 13
5 5
28 21
15 36
34 5
11 17
15 21
4 0
9 9
34 13
13 22
20 11
14 35
25 21
27 38
10 5
4 1
38 13
11 11
6 20
36 14
0 0
36 17
4 4
7 7
13 13
16 10
26 11
36 14
21 23
39 34
21 22
1 1
3 3
4 5
4 4
34 34
36 4
4 16
13 13
25 25
1 37
36 1
38 1
4 4
25 22
6 6
26 0
38 10
14 14
5 36
14 14
19 19
34 2
15 15
10 13
26 9
34 3
4 10
4 4
0 0
14 14
27 37
15 15
36 1
10 10
3 6
25 21
36 36
4 4
4 2
34 7
34 0
4 4
8 29
38 34
19 19
17 17
7 7
17 36
17 36
26 5
26 11
7 36
0 25
34 5
19 14
6 34
38 38
1 2
8 36
0 26
11 11
8 15
13 20
10 5
36 38
4 4
11 11
1 1
4 4
22 28
7 1
13 13
19 19
36 21
36 14
21 32
3 3
35 6
38 15
35 23
14 15
4 25
7 7
26 34
36 36
10 36
36 1
30 4
23 36
32 14
36 19
7 16
21 21
14 7
14 14
7 32
1 1
21 32
32 21
7 7
5 5
0 37
3 3
28 28
35 19
25 21
14 14
21 4
4 1
17 17
14 38
12 26
36 4
4 13
38 14
19 19
36 36
36 10
14 14
36 4
37 37
36 19
35 34
10 11
15 15
19 19
13 5
15 36
14 19
1 14
7 7
8 8
12 36
13 35
4 7
21 22
22 22
4 14
15 15
21 19
9 15
7 0
21 22
1 26
10 11
5 36
36 15
15 26
37 36
22 13
1 1
8 8
1 1
20 32
1 15
26 15
31 34
22 21
10 36
26 14
36 20
15 15
13 13
35 39
22 15
4 4
7 7
11 11
36 25
4 4
3 4
35 23
10 38
1 7
28 22
17 17
14 14
16 36
0 20
22 22
23 37
25 4
2 36
4 10
36 4
27 8
4 5
12 10
4 4
16 25
15 15
36 20
6 7
16 16
19 25
10 10
26 19
4 13
14 14
20 34
14 14
14 5
35 35
19 19
20 25
17 17
19 19
17 17
19 28
16 16
34 6
6 9
32 29
36 27
16 16
26 19
1 15
22 22
26 13
8 15
14 23
11 13
13 36
4 10
14 14
4 5
34 7
6 23
16 17
36 36
23 9
37 37
34 26
16 34
0 0
36 4
14 14
21 21
23 23
29 15
7 0
36 7
4 13
5 25
5 11
36 21
34 0
14 36
23 14
0 0
1 1
20 5
15 38
10 22
13 13
4 4
7 7
1 26
19 19
20 38
14 14
26 21
4 4
36 5
34 21
15 1
8 11
11 11
7 7
8 8
17 26
16 16
4 10
36 27
14 14
14 8
37 2
7 7
9 15
35 35
28 22
14 14
34 15
0 36
14 36
0 5
34 36
35 4
16 19
7 7
31 14
26 4
35 19
36 4
36 1
10 28
5 5
10 36
0 0
9 37
17 15
0 7
6 0
10 38
23 34
9 9
19 19
9 9
16 36
4 0
7 7
17 17
1 1
10 11
14 4
15 35
21 21
14 36
36 40
34 22
17 17
36 21
36 17
13 37
14 14
7 4
35 8
11 10
24 36
10 10
5 5
7 7
4 8
13 13
7 36
4 7
13 1
3 3
19 19
5 5
14 25
36 29
36 5
7 7
14 8
21 22
1 5
36 15
14 14
4 4
2 9
15 15
14 34
4 0
21 35
15 25
7 4
10 4
22 21
26 4
35 15
0 7
21 21
9 9
36 36
4 36
19 19
24 36
7 7
5 5
4 4
0 7
15 36
4 0
14 14
26 11
11 11
34 4
15 35
4 4
34 19
13 13
14 14
11 40
10 26
21 21
21 21
37 36
22 28
0 34
1 1
1 25
9 14
19 19
19 19
0 1
16 17
36 5
2 25
4 4
23 34
11 11
36 3
11 11
14 14
15 37
21 19
4 4
16 16
15 36
5 14
5 5
28 20
23 36
19 21
28 22
16 16
15 11
4 22
36 16
6 4
14 14
4 19
8 34
26 15
4 4
4 36
11 10
7 7
16 36
23 34
34 13
1 1
10 36
19 19
22 35
28 36
13 11
34 34
8 4
26 17
17 21
35 35
23 34
0 0
36 4
25 4
11 36
21 19
0 0
13 4
28 21
15 4
3 0
36 27
7 10
36 14
36 7
35 35
8 36
20 20
1 36
14 4
21 1
10 37
25 29
10 36
7 5
22 22
37 34
4 14
35 9
4 4
28 26
17 17
19 19
4 8
21 22
5 1
36 14
23 14
0 0
31 36
8 4
11 13
34 38
5 5
5 5
13 10
35 1
19 20
26 15
28 34
9 9
15 15
15 15
4 14
7 7
1 36
28 22
15 8
36 21
15 9
15 26
25 22
1 14
38 34
21 15
39 7
3 7
10 10
14 14
4 7
7 7
14 14
13 3
14 14
4 15
1 1
14 14
13 13
25 40
17 32
17 17
14 14
23 23
21 21
8 4
34 23
14 14
14 14
34 1
21 21
32 14
10 13
28 37
17 17
39 6
14 14
10 8
5 36
4 4
4 4
20 21
32 14
4 4
16 25
36 15
35 36
4 7
14 37
12 25
14 30
21 21
0 0
21 21
14 14
15 36
13 6
1 14
35 13
36 10
0 0
15 9
15 29
21 21
27 36
5 4
15 8
9 34
4 7
36 4
14 4
36 1
7 4
1 9
4 35
37 37
4 4
16 16
34 13
5 4
11 10
1 1
15 15
10 10
36 14
11 11
14 14
22 7
19 21
14 14
4 4
22 21
6 6
9 9
14 9
0 7
23 1
35 15
21 38
4 4
0 0
10 10
7 7
36 10
31 15
34 8
4 40
5 4
32 32
22 37
16 0
14 22
14 14
16 16
10 36
7 7
11 11
4 4
19 37
0 0
15 0
4 23
11 10
7 0
7 7
13 13
11 11
21 21
7 7
13 11
0 4
11 11
10 10
5 0
21 21
4 0
4 4
14 9
13 13
22 13
0 0
29 4
2 2
23 6
10 10
14 14
3 26
10 10
4 4
11 11
21 21
0 4
19 19
15 15
11 4
13 11
21 25
34 1
20 10
10 26
4 4
1 6
29 8
20 21
19 19
36 27
37 36
23 15
21 37
26 13
10 10
23 4
36 4
40 36
0 0
36 5
11 11
23 21
21 9
4 35
10 10
32 21
8 1
17 17
36 1
12 12
10 34
0 0
19 19
6 34
4 11
10 10
5 4
25 4
9 4
7 7
12 12
16 38
7 7
22 36
25 19
4 36
25 16
36 4
4 4
7 17
34 35
28 19
10 27
15 8
15 15
5 13
0 0
34 36
38 16
36 0
24 35
11 11
1 1
34 13
23 17
14 14
21 28
35 23
21 21
36 4
10 10
7 7
11 11
4 36
25 0
21 21
14 14
6 21
14 14
1 1
14 14
13 10
21 19
20 22
21 18
19 20
1 25
36 11
21 22
23 19
21 22
4 7
4 36
1 1
14 14
21 21
3 4
15 15
1 36
4 4
14 14
37 31
21 35
4 7
36 1
37 15
14 14
20 22
13 10
0 0
36 16
14 14
10 10
21 25
7 7
5 5
14 15
35 35
4 7
4 4
37 36
37 6
21 25
36 21
15 15
20 16
15 9
8 8
36 21
1 1
0 36
36 8
6 13
23 20
12 10
36 37
14 14
36 35
6 13
17 17
20 22
36 25
7 1
6 7
23 36
20 19
10 20
4 1
1 5
21 21
34 20
38 10
36 14
15 12
15 15
15 15
14 14
10 13
14 36
27 34
22 22
26 10
22 21
38 25
11 10
4 5
21 22
25 4
5 4
8 8
36 10
4 11
32 21
26 4
1 1
0 0
40 36
13 13
36 28
23 23
22 22
34 14
21 25
0 0
19 19
21 21
4 21
7 7
4 13
9 1
16 16
15 34
15 15
1 1
7 4
29 37
5 4
9 26
23 1
36 5
22 22
7 34
23 7
22 9
36 4
38 17
4 4
13 22
1 1
11 13
25 13
21 22
34 35
22 22
35 34
7 7
4 4
21 34
32 36
37 19
5 5
7 0
14 14
19 36
17 17
21 21
4 13
32 36
4 13
29 8
14 25
21 21
21 25
4 36
4 4
4 4
20 20
4 10
14 4
4 36
22 22
1 34
10 13
21 21
17 17
4 5
21 21
4 4
0 36
7 23
1 7
10 10
4 7
11 11
19 19
21 19
19 21
25 21
14 14
14 36
21 19
16 16
11 36
5 5
10 15
4 10
4 5
16 36
1 1
36 36
1 36
38 36
14 14
14 14
7 7
0 35
0 0
4 4
7 7
35 11
16 36
7 34
15 35
19 19
22 7
4 35
21 21
4 36
11 10
16 16
4 11
1 1
17 17
11 11
9 9
14 36
1 9
0 0
7 0
17 35
10 34
4 4
27 36
6 6
9 34
14 36
11 11
13 38
8 9
7 7
37 16
36 38
7 7
7 7
4 4
13 36
19 19
3 2
0 0
17 17
4 1
14 19
15 15
25 22
28 21
6 19
35 15
7 13
21 20
13 10
34 34
31 36
7 7
36 14
24 34
21 26
19 19
37 37
39 1
9 36
36 10
25 38
8 8
20 19
4 8
15 21
27 15
14 14
36 22
11 8
16 16
36 13
34 17
38 26
13 10
4 4
17 17
22 21
11 4
15 8
11 11
36 8
36 4
6 16
7 7
36 23
37 40
26 14
32 17
1 4
13 13
17 17
37 37
19 19
36 36
16 36
4 4
22 21
7 23
10 12
32 7
34 10
4 4
1 1
21 36
1 1
2 2
20 20
17 21
36 1
35 37
38 6
9 9
15 38
36 13
14 36
15 8
13 11
28 22
20 36
2 2
36 8
14 15
1 1
23 26
1 36
11 10
0 36
14 14
6 15
34 32
14 14
17 17
1 1
17 36
8 8
4 4
14 14
14 14
1 1
17 17
1 4
1 1
21 36
19 19
1 0
10 10
13 37
0 4
21 4
4 4
15 36
35 10
20 4
15 26
21 21
10 35
36 13
8 8
7 7
14 14
1 1
36 2
21 21
14 23
4 4
15 36
10 4
38 16
21 20
19 14
25 25
22 36
15 15
4 4
5 0
26 3
4 4
14 14
15 15
8 13
23 34
25 25
20 13
4 4
32 21
15 15
13 13
7 4
14 14
14 15
3 4
38 14
1 4
35 14
19 19
36 20
22 10
4 16
13 13
10 1
4 4
36 19
25 34
13 35
29 15
4 7
4 4
25 16
10 13
40 25
15 8
34 4
1 1
7 4
19 34
10 11
0 0
32 35
10 36
14 14
27 34
13 13
34 15
14 14
11 13
37 37
1 1
34 1
15 29
14 14
22 34
15 36
4 1
23 35
21 9
17 25
17 17
4 25
3 3
36 10
1 15
36 36
19 26
1 1
1 1
4 4
26 4
4 4
21 21
36 6
0 4
32 36
11 13
6 20
36 7
35 14
8 20
36 26
36 4
9 15
13 20
26 26
26 16
28 4
15 15
14 28
36 10
14 14
25 4
4 5
34 4
25 21
9 36
0 0
10 37
11 11
37 19
14 14
26 10
10 10
10 10
7 0
14 14
10 10
4 4
1 1
8 22
7 7
32 1
14 14
32 20
36 23
26 8
36 4
9 9
14 14
4 4
40 27
4 4
4 4
19 36
5 10
4 0
31 10
23 34
0 1
27 35
5 5
35 10
4 5
7 7
15 8
36 16
13 11
37 15
17 17
14 14
22 28
4 38
14 14
8 8
5 5
7 0
9 36
15 14
36 11
4 4
35 17
14 14
38 38
36 36
21 32
36 14
11 34
13 38
7 7
16 36
36 38
36 36
14 14
1 1
17 17
17 28
4 4
4 36
36 8
0 0
22 21
14 19
15 8
35 23
2 9
4 25
5 3
38 38
4 0
21 16
6 14
11 11
7 7
34 34
15 38
20 19
13 10
4 4
10 13
36 1
0 0
34 0
36 3
9 23
1 38
4 6
25 21
36 34
5 2
4 4
28 22
1 36
21 21
11 11
36 36
17 26
1 1
7 8
17 17
10 11
21 21
7 4
2 1
36 17
1 36
36 8
25 4
22 21
35 35
7 7
4 0
14 15
4 19
4 10
4 36
25 23
4 2
7 7
36 4
38 17
15 1
10 22
36 0
10 38
32 14
15 29
39 37
4 7
5 5
1 6
35 0
10 10
36 14
14 14
14 14
4 3
36 20
4 4
14 14
21 21
7 7
0 0
36 36
12 10
22 22
11 34
10 10
23 4
10 10
14 14
5 34
4 4
25 25
3 0
4 0
5 5
13 13
26 0
36 1
3 13
14 14
1 15
34 36
35 0
10 10
34 15
4 14
21 22
7 7
21 21
4 4
0 0
36 23
14 14
4 5
36 17
21 20
4 0
21 21
13 13
19 37
1 4
36 38
23 17
15 36
9 25
11 11
26 15
10 13
19 19
19 20
31 10
8 38
4 4
5 7
13 26
15 15
17 17
4 4
38 9
32 15
21 28
36 0
22 12
14 14
0 0
31 10
15 35
5 26
22 21
32 34
15 1
36 6
34 22
1 2
9 5
36 21
6 36
20 36
22 26
15 7
13 36
15 35
14 14
0 0
23 36
19 19
24 35
7 0
37 37
6 10
21 21
23 34
1 34
37 9
1 14
0 1
7 7
14 14
7 7
22 21
1 1
17 17
14 14
4 4
4 12
14 14
14 14
4 4
7 7
40 15
14 0
4 13
11 11
34 1
17 17
0 7
4 1
26 4
17 17
5 4
15 34
4 15
5 4
4 0
21 21
10 11
21 21
15 8
14 14
0 7
17 17
25 28
1 1
26 7
38 16
36 1
4 25
6 4
22 21
0 0
21 19
21 21
11 11
21 21
35 20
13 4
5 36
32 26
4 4
21 21
36 4
21 36
13 11
21 22
36 36
14 14
20 14
22 21
34 14
4 8
36 11
14 14
13 25
4 0
6 36
14 6
4 4
17 17
4 17
14 14
15 15
15 34
7 34
35 14
25 0
25 5
36 36
34 34
35 38
13 13
36 21
7 6
20 11
36 8
34 1
36 14
36 6
15 26
14 14
4 4
34 4
26 23
20 36
11 11
35 34
4 5
36 21
5 5
25 19
10 11
37 9
1 38
2 3
7 7
26 10
14 15
37 36
26 11
36 20
14 5
36 13
0 8
15 1
4 4
38 21
32 36
4 36
34 40
1 39
8 8
16 17
4 4
13 22
22 21
34 39
36 10
15 25
14 39
21 25
34 21
14 35
1 1
23 1
11 11
36 27
0 0
40 4
24 25
4 4
13 10
7 7
4 7
21 32
11 13
16 16
22 36
10 10
14 14
19 36
29 15
13 13
14 14
38 38
11 13
36 1
35 17
36 11
1 36
5 4
15 14
21 26
15 15
4 10
24 36
36 23
26 38
26 0
28 21
17 17
29 29
10 13
21 21
23 23
26 4
5 36
34 9
17 16
0 36
26 10
10 12
1 21
19 19
10 34
36 14
4 3
15 15
10 10
1 36
8 22
5 19
23 1
8 15
10 17
4 1
25 16
34 1
7 0
28 22
1 15
27 16
21 21
10 13
1 1
35 15
10 1
16 37
36 16
22 13
22 34
21 22
40 36
16 2
21 21
8 8
36 36
21 21
19 19
3 13
2 25
15 9
14 14
35 1
13 22
38 39
4 4
13 13
4 36
16 16
6 6
14 14
9 4
21 36
14 1
4 14
19 6
36 36
36 35
34 34
14 14
1 1
36 1
15 1
20 20
10 4
36 27
13 4
36 36
11 11
11 11
38 38
36 34
34 34
25 11
34 7
34 34
7 16
7 1
4 4
10 10
1 17
4 4
26 17
25 10
36 24
20 15
14 34
20 13
11 13
21 26
5 5
21 22
21 37
9 9
7 7
5 4
14 14
17 36
13 26
13 13
6 0
36 22
36 36
9 1
15 38
21 21
16 16
14 14
7 7
7 7
6 8
14 14
7 7
16 16
21 21
0 0
14 14
21 22
21 22
34 22
19 19
5 4
10 10
35 23
7 0
36 15
0 13
15 15
10 10
22 21
4 15
36 21
24 24
34 16
36 20
1 36
4 25
17 35
34 17
16 16
10 10
4 4
10 13
8 4
36 14
14 14
20 19
23 25
15 15
8 8
11 11
6 20
13 13
9 2
26 14
34 20
14 14
28 36
1 1
21 21
14 14
24 9
1 1
38 1
5 5
10 10
4 4
17 17
4 5
8 26
14 4
6 23
34 13
20 10
10 11
7 36
32 21
13 13
20 25
11 13
36 36
9 15
19 19
9 36
14 14
14 14
0 0
7 7
5 5
19 1
35 7
4 36
14 14
11 11
4 25
10 10
15 36
25 1
36 7
1 1
25 25
36 4
4 4
11 11
14 14
10 11
17 17
14 14
1 36
39 14
22 25
5 5
36 16
4 5
15 34
21 22
15 14
34 38
2 4
4 4
4 15
17 17
1 1
9 15
16 16
10 10
35 0
1 1
14 7
20 20
1 1
34 16
22 34
10 4
14 14
23 0
10 10
10 10
1 23
7 36
13 14
7 4
15 20
20 21
14 14
35 7
25 1
7 0
35 7
4 5
10 10
37 6
4 22
36 13
17 17
21 21
34 34
13 4
37 16
4 4
14 14
4 3
34 10
20 20
12 34
15 29
26 21
36 4
14 14
14 14
14 14
0 0
35 7
38 25
21 21
2 2
21 22
4 4
13 13
35 20
4 1
8 8
1 1
36 1
25 4
7 3
21 20
36 10
28 35
0 0
14 14
19 34
17 17
16 16
14 25
37 7
11 11
21 21
35 40
4 13
7 7
14 14
16 16
21 36
14 36
4 4
36 15
14 14
20 21
7 1
5 36
21 21
9 13
23 22
10 10
36 35
32 34
0 0
7 0
14 36
21 21
7 4
23 34
13 5
14 14
22 10
14 14
14 14
22 22
14 14
31 15
17 4
0 0
36 27
11 5
7 7
9 21
14 14
36 36
4 4
1 34
21 36
35 35
13 10
14 14
35 1
31 10
15 36
4 4
4 4
17 22
11 36
14 14
9 38
36 22
14 14
13 36
16 16
4 14
36 5
36 4
15 21
13 11
19 17
4 5
36 0
8 8
21 38
8 25
3 36
9 14
13 36
25 14
22 22
14 14
25 23
15 15
19 19
15 15
9 22
5 8
35 37
1 1
11 26
36 23
14 25
21 21
40 0
4 5
28 28
25 4
19 14
27 36
21 36
20 22
14 14
36 14
14 14
36 32
29 20
4 4
36 23
31 4
36 36
10 10
4 4
35 22
13 13
4 5
19 19
13 10
14 14
15 31
34 4
4 7
14 4
13 36
10 20
28 16
1 6
27 35
7 7
13 22
36 14
9 8
36 15
36 10
19 36
10 36
15 4
4 4
21 32
36 4
36 2
11 36
13 13
23 35
6 26
0 7
4 36
20 29
20 29
31 1
20 21
23 15
15 36
13 6
14 14
16 36
8 8
14 13
36 9
26 11
0 4
4 13
0 25
3 5
0 0
16 32
14 14
0 0
7 14
4 4
15 8
34 5
10 11
34 4
10 10
6 4
36 34
34 35
4 5
36 23
21 21
36 27
22 26
9 23
34 32
32 22
7 36
7 7
21 21
1 1
36 36
14 14
7 4
4 4
1 35
7 1
26 4
40 3
17 17
1 1
4 4
14 14
15 26
36 16
7 7
4 4
13 10
14 14
4 15
25 0
21 32
1 1
7 7
5 36
4 9
22 22
36 27
19 36
10 10
34 19
14 14
13 13
10 11
21 17
25 4
21 16
4 9
1 1
34 1
36 20
36 4
22 21
23 23
22 32
14 14
4 5
21 35
36 4
14 14
36 15
36 37
36 4
7 7
29 8
21 21
20 9
11 36
6 34
6 15
1 1
10 8
20 22
34 37
7 4
16 16
11 11
15 38
14 14
1 1
19 14
36 4
14 14
4 1
7 0
10 13
25 34
10 10
36 4
22 36
1 1
19 36
34 1
4 4
35 3
4 4
7 7
34 27
8 8
21 34
8 8
25 9
14 14
0 7
21 21
5 26
4 4
36 14
13 10
4 4
21 20
1 37
1 9
22 14
30 36
8 39
19 19
36 7
0 0
36 15
36 36
36 16
19 21
13 6
16 23
23 4
38 20
0 4
21 5
7 7
5 10
0 1
36 32
7 4
38 38
32 21
17 17
34 13
1 39
14 1
27 15
36 15
19 19
15 9
15 15
36 15
8 8
